139 1 4 0 1 1 0 0 1
41 2 20 0 18 1 0 9 0
15 35 0 15 1 6 0 0 0
53 0 11 1 6 1 0 0 0
6 42 0 8 1 0 0 0 0
15 0 1 1 1 0 0 0 0
4 10 0 0 0 1 0 0 0
8 0 1 0 1 2 0 0 0
0 0 9 1 0 0 2 0 0
4 0 0 0 0 4 0 0 0
6 2 0 0 0 0 0 0 0
1 0 0 1 0 3 1 0 0
3 1 0 0 0 0 1 0 0
3 0 0 0 0 0 2 0 0
3 0 0 0 0 1 0 0 0
3 0 0 0 0 1 0 0 0
0 0 0 0 0 4 0 0 0
1 1 0 0 0 1 0 0 0
3 0 0 0 0 0 0 0 0
0 0 1 0 0 0 0 0 2
0 0 1 0 0 1 0 0 0
0 0 0 2 0 0 0 0 0
2 0 0 0 0 0 0 0 0
0 0 0 0 0 0 2 0 0
1 0 0 0 0 0 1 0 0
0 0 0 0 0 0 0 0 2
1 0 0 0 0 1 0 0 0
2 0 0 0 0 0 0 0 0
2 0 0 0 0 0 0 0 0
1 0 0 0 0 0 0 0 0
0 1 0 0 0 0 0 0 0
0 0 1 0 0 0 0 0 0
0 1 0 0 0 0 0 0 0
0 0 1 0 0 0 0 0 0
0 0 1 0 0 0 0 0 0
0 0 1 0 0 0 0 0 0
1 0 0 0 0 0 0 0 0
0 0 1 0 0 0 0 0 0
0 0 0 1 0 0 0 0 0
1 0 0 0 0 0 0 0 0
1 0 0 0 0 0 0 0 0
0 1 0 0 0 0 0 0 0
1 0 0 0 0 0 0 0 0
1 0 0 0 0 0 0 0 0
1 0 0 0 0 0 0 0 0
1 0 0 0 0 0 0 0 0
1 0 0 0 0 0 0 0 0
0 0 0 0 0 0 1 0 0
1 0 0 0 0 0 0 0 0
0 0 0 0 0 0 0 0 1
1 0 0 0 0 0 0 0 0
1 0 0 0 0 0 0 0 0
0 0 0 0 0 1 0 0 0
0 0 0 0 1 0 0 0 0
1 0 0 0 0 0 0 0 0
0 1 0 0 0 0 0 0 0
