418 2 122 130 79 20 20 8 0 17 0 0 0
378 0 3 1 2 0 0 0 0 0 0 0 0
13 273 6 0 16 27 0 0 0 0 15 0 0
2 72 0 0 4 9 0 0 0 0 2 0 0
4 52 0 0 5 4 21 1 0 0 0 0 0
32 1 44 1 2 4 0 0 0 0 0 0 0
0 0 0 0 5 2 1 18 25 0 0 3 2
37 0 4 8 2 4 0 0 0 0 0 0 0
22 0 0 9 0 1 0 0 0 0 0 0 0
7 3 3 6 0 5 0 0 0 0 2 0 0
16 0 0 0 0 8 0 0 0 0 0 0 0
7 4 7 0 1 0 0 1 0 2 0 0 0
6 8 4 0 2 0 0 0 0 0 0 0 0
1 4 2 0 7 1 2 0 0 0 0 0 1
10 0 1 2 4 0 0 0 0 0 0 0 0
4 7 3 1 1 0 0 0 0 0 0 0 0
8 0 5 0 1 0 0 0 0 0 0 0 0
3 0 8 0 2 0 0 0 0 0 0 0 0
4 0 0 1 0 5 0 1 0 0 1 0 0
3 4 0 0 2 0 0 0 0 0 0 0 0
1 1 3 0 3 0 0 0 0 0 0 0 0
4 0 3 0 0 0 1 0 0 0 0 0 0
3 0 2 2 0 0 0 0 0 0 0 0 0
5 0 0 0 0 0 1 1 0 0 0 0 0
5 0 0 0 2 0 0 0 0 0 0 0 0
1 2 0 0 1 0 1 0 0 0 0 1 1
0 0 3 0 0 0 0 0 0 3 0 0 0
0 0 0 0 0 0 0 0 0 4 0 0 0
0 0 0 0 1 0 0 0 2 0 0 0 0
0 0 0 0 0 0 0 2 1 0 0 0 0
0 0 3 0 0 0 0 0 0 0 0 0 0
0 0 0 0 2 0 0 0 0 0 0 0 0
1 0 0 0 0 0 0 0 0 0 1 0 0
1 1 0 0 0 0 0 0 0 0 0 0 0
2 0 0 0 0 0 0 0 0 0 0 0 0
0 0 0 0 2 0 0 0 0 0 0 0 0
1 0 0 0 0 0 0 0 0 0 0 0 0
0 0 0 0 1 0 0 0 0 0 0 0 0
1 0 0 0 0 0 0 0 0 0 0 0 0
0 0 1 0 0 0 0 0 0 0 0 0 0
0 0 0 0 1 0 0 0 0 0 0 0 0
0 0 1 0 0 0 0 0 0 0 0 0 0
0 0 1 0 0 0 0 0 0 0 0 0 0
0 0 0 0 0 0 0 0 0 1 0 0 0
