1069 0 690 0 0 0 0 0 0 0 0 0 0 0
0 583 16 265 469 24 66 0 0 2 19 4 1 0
172 17 240 9 0 10 8 0 0 0 0 0 0 0
0 0 3 108 0 0 0 0 70 75 0 0 0 0
0 173 0 0 10 0 13 0 0 0 0 0 0 0
0 0 0 77 0 0 0 32 5 8 0 0 0 0
0 28 49 5 0 34 0 0 0 0 0 0 0 0
0 101 0 1 0 0 0 0 0 0 6 0 0 0
0 7 43 9 0 33 0 0 3 1 0 2 0 0
0 69 0 0 0 1 0 0 0 0 0 0 0 0
0 40 0 0 0 0 0 0 0 0 13 0 0 0
0 0 0 48 0 0 0 0 0 0 0 0 0 0
0 39 0 0 0 1 0 0 0 0 5 0 0 0
6 2 16 1 0 10 0 0 0 0 0 0 0 0
0 11 12 5 0 0 0 0 0 0 0 0 4 0
0 22 0 0 0 0 0 0 0 0 8 0 0 0
0 11 0 0 0 11 0 0 0 0 6 0 0 0
0 0 27 0 0 0 0 0 0 0 0 0 0 0
0 0 0 0 0 0 0 19 3 0 0 0 0 0
0 2 0 0 0 3 0 8 8 0 0 0 0 0
0 11 1 0 0 7 0 0 0 0 0 0 0 0
0 17 0 0 0 0 0 0 0 0 0 0 0 0
1 0 15 0 0 0 0 0 0 0 0 0 0 0
0 0 0 0 16 0 0 0 0 0 0 0 0 0
0 0 0 0 0 0 0 15 0 0 0 0 0 0
0 0 0 0 0 0 0 0 0 0 0 14 0 0
0 8 0 0 0 2 1 0 0 0 3 0 0 0
0 0 0 0 0 0 0 12 0 0 0 0 0 0
0 8 0 0 0 1 0 0 0 0 2 0 0 0
0 11 0 0 0 0 0 0 0 0 0 0 0 0
0 0 9 0 0 0 0 1 0 0 0 0 0 0
0 0 10 0 0 0 0 0 0 0 0 0 0 0
0 5 0 0 0 3 0 0 0 0 0 0 0 0
0 8 0 0 0 0 0 0 0 0 0 0 0 0
0 7 0 0 0 0 0 0 0 0 0 0 0 0
0 6 0 0 0 0 0 0 0 0 1 0 0 0
0 6 0 0 0 0 0 0 0 0 0 0 0 1
1 3 0 0 0 0 2 0 0 0 0 0 0 0
0 6 0 0 0 0 0 0 0 0 0 0 0 0
0 5 0 0 0 0 1 0 0 0 0 0 0 0
0 1 0 0 0 0 0 0 0 0 3 0 1 0
0 5 0 0 0 0 0 0 0 0 0 0 0 0
0 4 0 0 0 0 0 0 0 0 0 0 0 0
0 0 2 0 0 0 0 1 1 0 0 0 0 0
0 4 0 0 0 0 0 0 0 0 0 0 0 0
0 0 0 0 0 3 0 0 0 0 0 0 0 0
0 0 3 0 0 0 0 0 0 0 0 0 0 0
0 0 0 0 0 3 0 0 0 0 0 0 0 0
0 3 0 0 0 0 0 0 0 0 0 0 0 0
0 0 0 3 0 0 0 0 0 0 0 0 0 0
0 0 3 0 0 0 0 0 0 0 0 0 0 0
0 0 3 0 0 0 0 0 0 0 0 0 0 0
3 0 0 0 0 0 0 0 0 0 0 0 0 0
0 0 3 0 0 0 0 0 0 0 0 0 0 0
0 2 0 0 0 0 0 0 0 0 0 0 0 0
0 1 0 0 0 1 0 0 0 0 0 0 0 0
0 0 1 0 0 0 0 0 0 0 1 0 0 0
0 2 0 0 0 0 0 0 0 0 0 0 0 0
0 0 0 0 0 2 0 0 0 0 0 0 0 0
0 1 0 0 0 1 0 0 0 0 0 0 0 0
0 2 0 0 0 0 0 0 0 0 0 0 0 0
0 0 2 0 0 0 0 0 0 0 0 0 0 0
0 2 0 0 0 0 0 0 0 0 0 0 0 0
0 0 0 0 0 1 0 0 0 0 0 0 0 0
0 0 0 0 0 0 0 0 0 0 1 0 0 0
0 1 0 0 0 0 0 0 0 0 0 0 0 0
0 0 0 0 0 1 0 0 0 0 0 0 0 0
0 1 0 0 0 0 0 0 0 0 0 0 0 0
0 0 1 0 0 0 0 0 0 0 0 0 0 0
0 0 0 0 0 0 0 1 0 0 0 0 0 0
0 0 1 0 0 0 0 0 0 0 0 0 0 0
0 0 1 0 0 0 0 0 0 0 0 0 0 0
0 1 0 0 0 0 0 0 0 0 0 0 0 0
0 1 0 0 0 0 0 0 0 0 0 0 0 0
0 1 0 0 0 0 0 0 0 0 0 0 0 0
0 0 1 0 0 0 0 0 0 0 0 0 0 0
0 1 0 0 0 0 0 0 0 0 0 0 0 0
0 0 1 0 0 0 0 0 0 0 0 0 0 0
0 0 0 0 0 1 0 0 0 0 0 0 0 0
0 1 0 0 0 0 0 0 0 0 0 0 0 0
0 1 0 0 0 0 0 0 0 0 0 0 0 0
0 1 0 0 0 0 0 0 0 0 0 0 0 0
0 1 0 0 0 0 0 0 0 0 0 0 0 0
0 0 1 0 0 0 0 0 0 0 0 0 0 0
0 0 0 0 0 1 0 0 0 0 0 0 0 0
0 0 0 0 0 0 0 1 0 0 0 0 0 0
0 1 0 0 0 0 0 0 0 0 0 0 0 0
0 0 1 0 0 0 0 0 0 0 0 0 0 0
0 1 0 0 0 0 0 0 0 0 0 0 0 0
0 1 0 0 0 0 0 0 0 0 0 0 0 0
