33 965 175 69 15 1 7 1 0 0 7 3 0 0 0 0 0
426 3 1 1 12 3 0 0 1 1 0 0 0 0 0 0 0
252 0 0 0 3 1 0 0 0 0 0 0 0 0 0 0 0
225 8 0 1 4 1 1 0 1 0 0 0 0 0 0 0 1
192 0 0 0 6 2 0 0 2 0 0 0 0 0 0 0 0
3 47 18 4 2 0 1 2 0 0 0 2 3 0 2 0 0
68 1 0 0 0 0 0 0 0 0 0 0 0 0 0 0 0
19 19 0 7 0 0 0 9 3 5 0 0 0 0 0 1 0
55 0 0 0 0 0 0 0 0 0 0 1 0 0 0 0 0
17 0 0 0 3 16 0 0 0 0 0 0 0 0 0 0 0
35 0 0 0 1 0 0 0 0 0 0 0 0 0 0 0 0
30 0 0 0 0 0 0 0 0 0 0 0 0 0 0 0 0
29 0 0 0 1 0 0 0 0 0 0 0 0 0 0 0 0
26 0 0 0 1 1 0 0 1 0 0 0 0 0 0 0 0
26 0 0 0 0 0 0 0 0 0 0 0 0 0 0 0 0
5 7 1 4 0 0 8 0 0 0 0 0 0 0 0 0 0
2 13 5 4 0 0 0 0 0 0 0 1 0 0 0 0 0
19 1 0 0 0 0 0 0 0 0 0 0 0 0 0 0 0
5 0 0 0 0 11 0 0 0 0 0 0 0 0 0 0 0
15 0 0 0 0 0 0 0 0 0 0 0 0 0 0 0 0
14 1 0 0 0 0 0 0 0 0 0 0 0 0 0 0 0
10 1 0 0 0 0 0 0 0 0 0 0 0 0 0 0 0
5 4 0 0 0 1 0 0 0 0 0 0 0 0 0 0 0
0 9 0 0 0 0 0 0 0 0 0 0 0 0 0 0 0
6 0 0 0 1 0 0 0 0 0 0 0 0 2 0 0 0
1 7 0 0 1 0 0 0 0 0 0 0 0 0 0 0 0
8 0 0 0 0 0 0 0 0 0 0 0 0 0 0 0 0
7 1 0 0 0 0 0 0 0 0 0 0 0 0 0 0 0
6 0 0 0 0 0 0 0 0 0 0 0 0 0 0 0 0
5 1 0 0 0 0 0 0 0 0 0 0 0 0 0 0 0
4 0 1 0 1 0 0 0 0 0 0 0 0 0 0 0 0
5 0 0 0 0 0 0 0 0 0 0 0 0 0 0 0 0
0 0 0 0 0 5 0 0 0 0 0 0 0 0 0 0 0
4 0 0 0 0 0 0 0 1 0 0 0 0 0 0 0 0
2 3 0 0 0 0 0 0 0 0 0 0 0 0 0 0 0
5 0 0 0 0 0 0 0 0 0 0 0 0 0 0 0 0
0 2 0 1 0 0 0 1 0 1 0 0 0 0 0 0 0
2 0 0 0 1 0 1 0 0 0 0 0 0 0 0 0 0
2 1 0 0 0 0 0 0 0 0 0 0 0 0 1 0 0
3 0 0 0 0 0 0 0 0 0 0 0 0 0 0 0 0
0 2 0 1 0 0 0 0 0 0 0 0 0 0 0 0 0
1 1 0 0 0 0 0 0 0 0 0 0 0 0 0 0 0
0 2 0 0 0 0 0 0 0 0 0 0 0 0 0 0 0
2 0 0 0 0 0 0 0 0 0 0 0 0 0 0 0 0
2 0 0 0 0 0 0 0 0 0 0 0 0 0 0 0 0
2 0 0 0 0 0 0 0 0 0 0 0 0 0 0 0 0
1 0 0 0 0 0 0 0 0 0 0 0 0 0 0 0 0
1 0 0 0 0 0 0 0 0 0 0 0 0 0 0 0 0
0 1 0 0 0 0 0 0 0 0 0 0 0 0 0 0 0
0 0 0 0 0 0 1 0 0 0 0 0 0 0 0 0 0
0 0 0 0 0 1 0 0 0 0 0 0 0 0 0 0 0
0 0 0 0 1 0 0 0 0 0 0 0 0 0 0 0 0
0 0 0 0 0 1 0 0 0 0 0 0 0 0 0 0 0
1 0 0 0 0 0 0 0 0 0 0 0 0 0 0 0 0
0 0 0 0 0 0 0 0 0 0 0 0 0 1 0 0 0
1 0 0 0 0 0 0 0 0 0 0 0 0 0 0 0 0
1 0 0 0 0 0 0 0 0 0 0 0 0 0 0 0 0
1 0 0 0 0 0 0 0 0 0 0 0 0 0 0 0 0
0 1 0 0 0 0 0 0 0 0 0 0 0 0 0 0 0
1 0 0 0 0 0 0 0 0 0 0 0 0 0 0 0 0
1 0 0 0 0 0 0 0 0 0 0 0 0 0 0 0 0
