469 36 8 2 2 2 0 4 1 3 0 0 0 0 0 1
110 31 0 1 6 0 0 0 0 0 0 0 0 0 0 0
35 0 3 1 0 0 0 0 0 2 4 1 0 2 0 0
36 0 0 0 1 0 0 0 0 0 0 0 0 0 0 0
11 20 0 0 1 0 0 0 0 0 0 0 0 0 0 0
12 3 8 0 0 0 0 0 0 0 0 0 0 0 0 0
8 0 0 0 0 4 6 2 0 0 0 1 0 0 0 0
8 5 4 0 0 0 0 0 0 0 0 0 0 0 0 0
14 0 0 0 0 0 0 0 0 0 0 0 0 0 0 0
8 5 0 0 0 0 0 0 1 0 0 0 0 0 0 0
3 9 0 0 0 1 0 0 0 0 0 0 0 0 0 0
2 10 0 1 0 0 0 0 0 0 0 0 0 0 0 0
7 2 0 0 0 2 0 1 0 0 0 0 0 0 0 0
0 5 0 2 0 0 0 0 0 0 0 0 1 0 0 0
0 2 0 0 0 1 2 0 0 0 0 1 1 0 0 0
0 0 0 0 0 0 0 0 5 0 0 0 0 0 0 0
0 0 0 4 0 0 0 0 0 0 0 0 0 0 0 0
0 4 0 0 0 0 0 0 0 0 0 0 0 0 0 0
0 2 0 1 0 1 0 0 0 0 0 0 0 0 0 0
2 1 0 0 0 1 0 0 0 0 0 0 0 0 0 0
0 0 0 0 3 0 0 0 0 0 0 0 0 0 0 0
0 3 0 0 0 0 0 0 0 0 0 0 0 0 0 0
0 1 0 2 0 0 0 0 0 0 0 0 0 0 0 0
0 2 0 0 0 0 0 0 0 0 0 0 0 0 0 0
0 2 0 0 0 0 0 0 0 0 0 0 0 0 0 0
0 0 0 1 0 0 0 0 0 0 0 0 0 0 0 0
1 0 0 0 0 0 0 0 0 0 0 0 0 0 0 0
0 0 0 1 0 0 0 0 0 0 0 0 0 0 0 0
0 0 0 0 0 0 0 0 1 0 0 0 0 0 0 0
0 0 0 1 0 0 0 0 0 0 0 0 0 0 0 0
0 0 0 0 0 0 0 1 0 0 0 0 0 0 0 0
0 0 0 0 0 0 0 0 0 0 0 0 0 0 1 0
0 0 0 0 0 0 0 0 0 0 0 0 1 0 0 0
0 1 0 0 0 0 0 0 0 0 0 0 0 0 0 0
0 1 0 0 0 0 0 0 0 0 0 0 0 0 0 0
0 1 0 0 0 0 0 0 0 0 0 0 0 0 0 0
