0 0 0 87 0 0 0 0 0 0 0 0 0
11 7 11 4 29 0 19 1 1 0 0 0 0
3 14 22 0 7 36 0 0 0 0 0 0 0
51 11 3 0 0 0 6 2 0 0 0 0 0
0 10 31 1 7 0 4 7 6 0 0 0 0
2 16 9 1 6 7 1 1 3 3 0 0 1
5 12 0 0 4 0 25 0 2 0 0 0 0
37 0 0 0 0 0 0 0 0 0 0 0 0
0 1 9 7 0 0 1 0 13 3 0 0 0
2 7 3 0 14 2 1 2 1 2 0 0 0
0 1 2 0 23 0 0 0 4 2 0 0 0
0 17 5 0 3 1 1 0 1 0 0 0 2
0 0 0 15 0 0 1 1 0 0 0 9 0
1 20 0 1 1 0 0 0 1 0 0 0 0
2 14 0 0 0 2 0 2 1 0 0 0 0
20 0 0 0 0 0 0 0 0 0 0 0 0
0 0 14 0 4 0 0 1 0 0 0 0 0
0 0 0 0 0 1 0 14 0 3 0 1 0
0 0 5 0 7 4 0 2 0 0 0 0 0
1 6 4 0 5 0 0 0 0 0 0 0 0
0 0 0 0 0 15 0 0 0 0 0 0 0
0 0 4 0 0 0 1 8 0 0 0 2 0
0 0 0 0 1 0 0 0 0 13 0 0 0
0 0 0 1 0 0 0 13 0 0 0 0 0
0 0 0 0 0 0 0 0 0 0 14 0 0
1 0 0 4 0 0 7 0 0 0 0 1 0
0 0 0 1 0 0 0 7 4 0 0 0 0
0 0 0 0 0 12 0 0 0 0 0 0 0
0 0 2 6 0 0 0 3 0 0 0 0 0
1 1 1 2 0 0 6 0 0 0 0 0 0
0 0 4 0 3 0 1 2 0 1 0 0 0
0 0 1 2 0 1 0 0 0 1 0 6 0
0 0 4 0 0 3 0 3 0 0 0 0 0
0 0 0 0 0 3 0 0 0 0 7 0 0
