List of interactions matrices
Interaction matrices with relative interaction strengths (ie observed interactions divided by the total abundance of the parasite in the network)

P3 P8 P22 P27 P31 P24 P39 P42 P48 P9 P10 P50 P37
H1 0.25 0 0.25 0 0.07 0 0 0.88 0 0.18 0.11 0 0.13
H2 0.62 1 0.62 0.75 0.86 1 0.96 0.12 1 0.8 0.78 1 0.84
H4 0 0 0 0 0.07 0 0 0 0 0.02 0.11 0 0.01
H7 0.12 0 0.12 0.25 0 0 0.04 0 0 0 0 0 0.02

P3 P8 P22 P27 P31 P24 P39 P42 P45 P48 P9 P10 P12 P50 P56 P20 P37
H1 0 0.33 0.15 0 0.02 0.08 0 1 0 0 0.11 0.11 1 0 0 0 0.06
H2 0.57 0.67 0.67 0.5 0.93 0.9 0.96 0 0 1 0.57 0.67 0 0.5 0 0 0.77
H5 0 0 0 0 0 0 0 0 1 0 0.05 0 0 0.14 0 0 0
H7 0.43 0 0.19 0.5 0.04 0.02 0.04 0 0 0 0.27 0.22 0 0.36 0 0 0.16
H23 0 0 0 0 0 0 0 0 0 0 0 0 0 0 1 1 0.01

P3 P8 P22 P31 P24 P39 P41 P42 P48 P9 P10 P32 P50 P20 P37
H1 0.6 1 0.06 0.2 0.05 0 0 1 0 0.06 0.1 0.4 0.48 0 0.21
H2 0 0 0.88 0.7 0.92 0.98 0 0 1 0.6 0.3 0.4 0.29 1 0.48
H7 0.4 0 0.06 0.1 0.02 0 0 0 0 0.26 0.1 0 0.14 0 0.14
H12 0 0 0 0 0.02 0.02 1 0 0 0.08 0.5 0.2 0.1 0 0.16
H23 0 0 0 0 0 0 0 0 0 0 0 0 0 0 0.01

P3 P8 P22 P27 P31 P24 P30 P39 P41 P42 P48 P9 P10 P32 P50 P52 P56 P37 P38
H1 0.45 0 0.2 0.25 0.1 0.62 0.04 0 0 0.74 0.33 0.23 0.31 0.58 0.22 0.07 0 0.29 0
H2 0.19 1 0.44 0.33 0.5 0.34 0.03 0.99 0.08 0.07 0.67 0.49 0.31 0.21 0.32 0 0 0.47 1
H7 0.19 0 0.29 0.42 0.37 0.03 0 0.01 0.08 0.04 0 0.23 0 0.16 0.37 0.86 0 0.16 0
H12 0.16 0 0.06 0 0.04 0 0.91 0 0.85 0.11 0 0.05 0.38 0.05 0.09 0.03 0 0.08 0
H23 0 0 0 0 0 0 0.01 0 0 0.04 0 0 0 0 0 0.03 1 0 0

P3 P22 P27 P31 P24 P30 P39 P41 P42 P48 P9 P10 P12 P32 P50 P52 P56 P37
H1 0.26 0.26 0.38 0.13 0 0.01 0.02 0.03 0.96 0.5 0.27 0.1 0 0.5 0.44 0 0 0
H2 0.03 0.32 0.29 0.14 0 0.01 0.98 0.03 0.04 0.5 0.4 0 0 0 0.33 0.04 0 0
H3 0 0 0.21 0.01 0 0 0 0 0 0 0.01 0 0 0 0 0 0 0
H7 0.34 0.26 0.08 0.63 0 0.01 0 0.01 0 0 0.16 0.3 0 0 0.11 0.35 0 0
H12 0.37 0.16 0 0.08 1 0.97 0 0.91 0 0 0.13 0.6 1 0.5 0.11 0.61 0 1
H23 0 0 0.04 0.01 0 0 0 0.01 0 0 0.01 0 0 0 0 0 1 0

P3 P31 P39 P48 P9 P10 P50
H2 0 0 1 0.83 0 0 0
H3 1 1 0 0.17 0.25 1 0
H7 0 0 0 0 0.25 0 1
H23 0 0 0 0 0.5 0 0

P22 P31 P24 P39 P9 P10 P50 P56 P37 P38
H2 0.5 0.75 0 1 0.83 0.67 0.33 0 0.65 1
H3 0 0 0 0 0 0 0.08 0 0.05 0
H7 0.5 0.25 0 0 0.17 0.33 0.58 0 0.05 0
H23 0 0 1 0 0 0 0 1 0.25 0

P22 P31 P24 P39 P9 P10 P50 P56 P37
H2 0.75 1 1 0.97 0.95 0.5 0.67 0 0.6
H7 0.25 0 0 0.03 0.05 0.5 0.33 0 0.2
H23 0 0 0 0 0 0 0 1 0.21

P3 P22 P31 P24 P29 P39 P48 P9 P10 P32 P50 P20 P37
H2 1 0.5 0 1 0 1 1 0.53 0.6 0 0.43 0 0.55
H7 0 0.5 1 0 1 0 0 0.47 0.4 0 0.57 0.83 0.25
H23 0 0 0 0 0 0 0 0 0 1 0 0.17 0.2

P3 P22 P27 P31 P24 P39 P42 P48 P9 P10 P32 P50 P37
H1 0.25 0 0 0.12 0.62 0 0.67 0 0.2 0.4 0.11 0.25 0.38
H2 0 0.86 0 0.73 0.38 0.98 0.33 1 0.47 0.4 0.89 0.25 0.32
H3 0 0 0 0 0 0 0 0 0 0 0 0 0.19
H7 0.75 0.14 0.67 0.15 0 0.01 0 0 0.33 0.2 0 0.5 0.11
H23 0 0 0.33 0 0 0 0 0 0 0 0 0 0

P3 P22 P27 P31 P39 P42 P9 P10 P32 P50 P52 P56 P37
H1 0 0 0 0.02 0 0.9 0.41 0 0.67 0 0.1 0 0
H2 0 0 0.2 0.29 0.92 0 0.09 0 0 0.25 0.02 0 0
H3 0.5 0.33 0 0.02 0.04 0.1 0.14 0 0 0 0 0 1
H7 0.5 0.67 0.8 0.67 0.04 0 0.36 1 0.33 0.75 0.86 0 0
H23 0 0 0 0 0 0 0 0 0 0 0.02 1 0

P3 P8 P22 P31 P24 P30 P39 P48 P9 P10 P50 P37
H1 0 0 0.17 0.04 0 0 0 0 0.08 0.22 0.11 0.01
H2 0 0 0.17 0.52 0.14 0 0.91 0 0.25 0.11 0.52 0.18
H3 1 0 0.17 0.37 0.86 0 0.08 1 0.25 0.22 0.15 0.61
H7 0 1 0.5 0.07 0 0 0.01 0 0.33 0.44 0.22 0.06
H12 0 0 0 0 0 1 0 0 0 0 0 0
H23 0 0 0 0 0 0 0 0 0.08 0 0 0.13

P3 P22 P27 P31 P24 P29 P30 P36 P39 P41 P42 P48 P9 P10 P50 P56 P37 P38
H1 0 0.07 0 0 0.2 0.6 0 0 0 0 1 0 0.11 0.12 0.23 0 0.21 0
H2 1 0.53 0.08 0.45 0.4 0 0 0 0.98 0 0 0.8 0.74 0.62 0.31 0 0.51 1
H3 0 0 0 0 0 0 0 0 0 0 0 0 0.05 0.12 0 0 0.03 0
H4 0 0 0 0 0 0 0 0 0 0 0 0 0 0 0 0 0.03 0
H7 0 0.4 0.25 0.55 0.2 0 1 0 0.01 0.5 0 0 0.05 0.12 0.46 0 0.2 0
H20 0 0 0 0 0.2 0.4 0 0 0.01 0.5 0 0 0 0 0 0 0.01 0
H23 0 0 0 0 0 0 0 0 0 0 0 0 0 0 0 1 0.01 0
H26 0 0 0.67 0 0 0 0 1 0 0 0 0.2 0.05 0 0 0 0.01 0

P3 P22 P27 P31 P24 P29 P39 P41 P42 P48 P9 P10 P50 P37
H1 0.14 0 0.2 0.04 0.17 0 0 0 1 0 0.07 0 0 0
H2 0 0.61 0.4 0.74 0.83 0.67 0.98 0 0 0.8 0.48 0.31 0.43 0.69
H7 0.71 0.39 0.4 0.2 0 0.33 0.02 0 0 0.2 0.37 0.54 0.57 0.31
H12 0 0 0 0 0 0 0 1 0 0 0 0.08 0 0
H20 0.14 0 0 0.02 0 0 0 0 0 0 0.07 0.08 0 0.01

P2 P3 P8 P22 P27 P31 P24 P29 P30 P39 P41 P42 P48 P9 P10 P32 P50 P37
H1 0.25 0 0 0.2 0.04 0.09 0.55 0 0 0 0 0.94 0 0.22 0.38 1 0.19 0.15
H2 0.5 0.62 0 0.6 0.67 0.66 0.38 0 0 0.99 0 0.05 1 0.53 0.25 0 0.23 0.77
H7 0.25 0.12 1 0.17 0.25 0.23 0.07 1 0 0.01 0 0.02 0 0.25 0 0 0.48 0.05
H12 0 0 0 0.03 0 0 0 0 1 0 1 0 0 0 0.38 0 0.1 0.02
H20 0 0.12 0 0 0 0.02 0 0 0 0 0 0 0 0 0 0 0 0
H23 0 0 0 0 0.04 0 0 0 0 0 0 0 0 0 0 0 0 0.01
H25 0 0.12 0 0 0 0 0 0 0 0 0 0 0 0 0 0 0 0

P2 P3 P22 P27 P31 P24 P29 P30 P39 P41 P42 P9 P10 P46 P50 P51 P56 P37
H1 0 0.29 0.19 0.15 0.4 0.98 0.5 0 0.01 0.07 0.98 0.18 0.38 0 0.41 0.5 0 0.67
H2 1 0.07 0.12 0.08 0.07 0.01 0 0.11 0.98 0 0 0.46 0.12 0 0.24 0.5 0 0.22
H3 0 0 0 0 0 0 0 0 0 0 0 0.04 0 0 0 0 0 0
H7 0 0.27 0.12 0.15 0.2 0 0.5 0 0 0 0 0.11 0 0 0.29 0 0 0
H12 0 0.37 0.44 0.46 0.33 0.01 0 0.89 0.01 0.93 0.01 0.21 0.38 0 0 0 0 0.11
H18 0 0 0.06 0.15 0 0 0 0 0 0 0 0 0.12 1 0.06 0 0 0
H23 0 0 0.06 0 0 0 0 0 0 0 0.01 0 0 0 0 0 1 0

P3 P22 P27 P31 P24 P29 P30 P39 P41 P42 P9 P10 P50 P51 P55 P56
H1 0.68 0.57 0.66 0.27 1 1 0 0.02 0 0.98 0.47 0.2 0.44 0.38 0 0
H2 0.07 0.21 0.16 0.44 0 0 0.04 0.97 0.03 0.02 0.33 0.2 0.36 0.54 0 0
H7 0.16 0 0.07 0.14 0 0 0 0.01 0 0 0.11 0.2 0.14 0.08 0 0
H8 0.01 0 0.09 0.01 0 0 0 0 0 0 0 0 0 0 0 0
H12 0.08 0.14 0.03 0.14 0 0 0.96 0 0.97 0 0.04 0 0.06 0 0 0
H23 0.01 0.07 0 0.01 0 0 0 0 0 0 0.04 0.4 0 0 1 1

P3 P27 P31 P39 P41 P42 P9 P10 P11 P50 P51
H1 0 0 0 0 0 1 0.15 0 1 0 0
H2 0.2 0 0.29 0.94 0.11 0 0.15 0 0 0 1
H3 0 0 0.1 0 0 0 0.05 0 0 0 0
H7 0.8 1 0.62 0.06 0.89 0 0.3 1 0 1 0
H23 0 0 0 0 0 0 0.35 0 0 0 0

P3 P22 P27 P31 P24 P30 P39 P41 P42 P9 P10 P11 P32 P50 P51 P56 P37
H1 0.13 0.3 0.38 0.12 1 0 0 0 0.8 0.17 0.13 0 0 0.15 0.4 0 0.22
H2 0.09 0.4 0 0 0 0 0.33 0 0.13 0.16 0.02 0 0 0.01 0.6 0 0.26
H3 0.09 0 0 0 0 0 0.67 0 0 0.03 0.02 0 0 0.02 0 0 0.04
H7 0.7 0.3 0.62 0.88 0 0 0 1 0.07 0.54 0.47 1 1 0.74 0 0 0.43
H12 0 0 0 0 0 1 0 0 0 0.06 0.3 0 0 0.05 0 0 0.04
H20 0 0 0 0 0 0 0 0 0 0.02 0.06 0 0 0.01 0 0 0
H23 0 0 0 0 0 0 0 0 0 0.02 0 0 0 0.01 0 1 0

P3 P22 P27 P31 P24 P29 P30 P39 P41 P42 P9 P10 P50 P51 P56 P37
H1 0.59 0.77 0.67 0.67 0.6 0 0.25 0.8 0 1 0.43 0.13 0.25 0 1 0.18
H2 0 0 0 0 0 0 0 0 0 0 0.24 0.21 0.22 0.44 0 0.58
H3 0.29 0.23 0.33 0.22 0.4 0 0 0.2 0 0 0.01 0 0 0.33 0 0
H5 0 0 0 0 0 0 0 0 0 0 0.03 0.09 0 0 0 0
H7 0.06 0 0 0.11 0 0 0 0 0 0 0.13 0.19 0.42 0 0 0.15
H12 0.06 0 0 0 0 1 0.75 0 1 0 0.13 0.38 0.1 0.22 0 0.09
H20 0 0 0 0 0 0 0 0 0 0 0.03 0 0 0 0 0

P3 P22 P31 P29 P30 P39 P41 P42 P9 P10 P50 P51 P37
H1 0.03 0.14 0 0 0 0 0 1 0.05 0.04 0.13 0.14 0.42
H2 0 0 0 0 0.63 0 0.04 0 0.16 0.15 0.53 0.2 0.53
H3 0.49 0.43 0.74 1 0 1 0 0 0.66 0.23 0.07 0.61 0.05
H7 0 0 0 0 0 0 0 0 0 0.06 0 0 0
H12 0.47 0.43 0.26 0 0.37 0 0.96 0 0.12 0.52 0.27 0.05 0

P3 P22 P27 P31 P24 P39 P41 P42 P9 P10 P50 P51 P37
H1 0.47 0.61 0.5 0.35 0.83 0 0 1 0.4 0.3 0.47 0.44 0.27
H2 0 0.06 0.3 0.12 0.17 1 1 0 0.51 0.4 0.44 0.56 0.55
H3 0.53 0.33 0.2 0.41 0 0 0 0 0.05 0.3 0.07 0 0.08
H7 0 0 0 0.12 0 0 0 0 0.04 0 0.02 0 0.1

P3 P22 P27 P31 P24 P29 P30 P39 P41 P42 P9 P10 P50 P51 P56 P37
H1 0.28 0.27 0.6 0.19 0.33 0 0 0 0 1 0.4 0.36 0.49 0 1 0.44
H2 0.07 0.16 0.13 0.11 0.11 0 0 1 0 0 0.21 0.1 0.02 1 0 0.28
H3 0.51 0.39 0.07 0.6 0.22 0 0.14 0 0.25 0 0.26 0.25 0.17 0 0 0.21
H5 0.09 0.02 0 0 0 0 0 0 0 0 0.02 0.04 0 0 0 0
H7 0.04 0.07 0.13 0.02 0 0 0 0 0 0 0.09 0.05 0.22 0 0 0
H12 0.01 0.05 0.07 0.06 0.33 1 0.86 0 0.75 0 0 0.13 0.07 0 0 0
H20 0 0.02 0 0.02 0 0 0 0 0 0 0.01 0.06 0.02 0 0 0
H23 0 0.02 0 0 0 0 0 0 0 0 0 0 0 0 0 0.08

P3 P22 P27 P31 P24 P29 P30 P39 P41 P42 P9 P10 P50 P51 P56 P37
H1 0.01 0 0 0.06 0 0.03 0.02 0 0.01 1 0.53 0.12 0.33 0.17 0 0.58
H2 0 0 0 0 1 0 0 1 0 0 0.14 0.02 0.11 0 0 0.13
H3 0.09 0.67 1 0.21 0 0 0 0 0.01 0 0.25 0.06 0.22 0.67 0 0.13
H12 0.9 0.33 0 0.73 0 0.97 0.98 0 0.99 0 0.08 0.77 0.33 0.17 0 0
H23 0 0 0 0 0 0 0 0 0 0 0 0.02 0 0 1 0.15

P3 P22 P27 P31 P24 P29 P30 P39 P41 P42 P9 P10 P50 P51 P37
H1 0.07 0.33 1 0.15 0.33 0.06 0.1 0.06 0 1 0.36 0.33 0.47 0.5 0.4
H2 0.02 0 0 0.23 0.42 0 0 0.94 0 0 0.14 0 0 0 0.34
H3 0.33 0.47 0 0.31 0.17 0.06 0.05 0 0 0 0.32 0.07 0.13 0.5 0.23
H12 0.57 0.2 0 0.31 0.08 0.89 0.85 0 1 0 0.18 0.6 0.4 0 0.03

P3 P22 P27 P31 P24 P39 P42 P9 P10 P50 P51 P56 P37
H1 0.22 0.22 0.5 0.25 0.4 0 1 0.37 0.22 0.24 0.4 0 0.46
H2 0.22 0 0 0.38 0.2 0.97 0 0.31 0.22 0.12 0.4 0 0.04
H3 0.33 0.33 0 0 0.4 0.03 0 0.04 0.17 0.06 0.1 0 0.15
H7 0.22 0.33 0.25 0.38 0 0 0 0.22 0.33 0.53 0.1 0 0.35
H20 0 0.11 0.25 0 0 0 0 0.06 0.06 0.06 0 0 0
H23 0 0 0 0 0 0 0 0 0 0 0 1 0

P3 P22 P31 P24 P29 P30 P39 P41 P9 P10 P32 P50 P51 P37
H1 0 0 0 0.47 0 0 0 0 0.05 0 0 0.02 0.04 0.06
H2 0.01 0.23 0.03 0.21 0 0 0.65 0 0.27 0.01 0.33 0.09 0.52 0.43
H3 0.01 0.14 0.05 0.26 0 0 0.24 0 0.1 0.01 0.67 0.02 0.26 0.07
H7 0 0 0 0 0 0 0 0 0.02 0 0 0 0 0.02
H12 0.99 0.64 0.92 0.05 0.99 1 0.12 1 0.56 0.99 0 0.86 0.17 0.42

P3 P8 P22 P27 P31 P24 P29 P39 P41 P42 P9 P10 P32 P50 P51 P37
H1 0.56 0.5 0.66 0.84 0.28 0.77 0.5 0.01 0 0.99 0.33 0.52 0.43 0.47 0.18 0.65
H2 0.28 0.5 0.21 0.16 0.32 0.18 0.33 0.97 0 0.01 0.51 0.34 0.57 0.33 0.73 0.24
H3 0.11 0 0.1 0 0.32 0.04 0.17 0.02 0 0 0.07 0.09 0 0.06 0 0.05
H7 0.06 0 0.03 0 0.08 0.01 0 0 0 0 0.1 0.05 0 0.14 0.09 0.05
H12 0 0 0 0 0 0 0 0 1 0 0 0 0 0 0 0

P3 P8 P22 P27 P31 P24 P29 P30 P39 P42 P9 P10 P32 P46 P50 P51 P56 P37
H1 0.87 0 0.6 0.33 0.57 0.82 0 0 0.08 1 0.77 0.85 0.68 0 0.72 0.78 0.9 0.8
H2 0.05 1 0.4 0.63 0.35 0.18 1 0 0.91 0 0.14 0.06 0.21 0.6 0.11 0.09 0.1 0.1
H3 0.03 0 0 0 0 0 0 0 0 0 0 0.03 0 0 0.02 0 0 0.01
H7 0 0 0 0.02 0.07 0 0 1 0 0 0.01 0.03 0.05 0.4 0.11 0.13 0 0.05
H8 0.05 0 0 0.02 0.02 0 0 0 0 0 0.07 0.03 0.05 0 0.02 0 0 0.01
H23 0 0 0 0 0 0 0 0 0 0 0 0 0 0 0.02 0 0 0.04

P3 P8 P22 P27 P31 P24 P29 P30 P39 P41 P42 P9 P10 P50 P51 P56 P37
H1 0.24 0 0.47 0.43 0.14 0.22 0.5 0.08 0.01 0 0.94 0.33 0.58 0.25 0.25 0 0.35
H2 0.24 1 0.4 0.57 0.47 0.7 0 0 0.96 0 0.06 0.57 0.26 0.59 0.5 1 0.41
H3 0.38 0 0.13 0 0.32 0.08 0 0.08 0.03 0.06 0 0.09 0.13 0 0.25 0 0.15
H7 0.14 0 0 0 0.07 0 0 0 0 0 0 0.01 0 0.16 0 0 0.03
H12 0 0 0 0 0 0 0.5 0.85 0 0.94 0 0 0.03 0 0 0 0.01
H23 0 0 0 0 0 0 0 0 0 0 0 0 0 0 0 0 0.05

P3 P22 P31 P24 P30 P41 P42 P9 P10 P50 P51 P37
H1 0.27 0.14 0.4 0.87 0 0.06 1 0.56 0.25 0.14 0 0.51
H2 0 0.29 0 0 0 0 0 0.04 0 0 0 0.08
H3 0.64 0.57 0.6 0.13 0 0.06 0 0.4 0.58 0.43 1 0.4
H12 0.09 0 0 0 1 0.88 0 0 0.17 0.43 0 0.01

P3 P22 P31 P24 P29 P30 P39 P42 P9 P10 P50 P51 P37
H1 0.27 0.67 0.29 0.06 1 0 0 0.92 0.53 0.45 0.23 0 0.22
H2 0.05 0.22 0.29 0.04 0 0 0.96 0 0.08 0.27 0.38 0.8 0.39
H3 0.64 0 0.14 0.89 0 1 0 0.08 0.19 0.18 0.15 0.2 0.3
H7 0.05 0.11 0.29 0.01 0 0 0.04 0 0.17 0.09 0.23 0 0.08
H20 0 0 0 0 0 0 0 0 0.03 0 0 0 0
H23 0 0 0 0 0 0 0 0 0 0 0 0 0.01

P31 P24 P29 P30 P39 P41 P42 P9 P10 P50 P51 P56 P37
H1 1 1 1 0 0 0 1 0.67 0.67 0 0 1 0.67
H2 0 0 0 0 1 0 0 0 0 0 1 0 0.04
H3 0 0 0 0 0 0 0 0.33 0 1 0 0 0.25
H12 0 0 0 1 0 1 0 0 0.33 0 0 0 0.04

P3 P8 P22 P27 P31 P24 P29 P30 P39 P41 P42 P9 P10 P32 P46 P50 P51 P56 P37
H1 0.26 0.5 0.32 0.46 0.17 0.58 0.45 0 0.02 0 0.92 0.21 0.22 0.6 1 0.2 0.16 0 0.34
H2 0.1 0.5 0.27 0.38 0.56 0.24 0.09 0 0.98 0 0.04 0.51 0.38 0.4 0 0.48 0.78 1 0.49
H3 0.3 0 0.17 0.08 0.11 0.15 0.18 0 0 0.04 0.03 0.07 0.05 0 0 0.1 0.04 0 0.04
H7 0.02 0 0.08 0.08 0.06 0 0.09 0 0 0 0.01 0.13 0.05 0 0 0.19 0.02 0 0.11
H12 0.31 0 0.12 0 0.06 0.02 0.18 1 0 0.96 0.01 0.01 0.23 0 0 0.04 0 0 0
H20 0 0 0.02 0 0.06 0 0 0 0 0 0 0.06 0.07 0 0 0 0 0 0
H23 0 0 0.02 0 0 0 0 0 0 0 0 0 0 0 0 0 0 0 0.02

P3 P22 P27 P31 P24 P29 P30 P39 P41 P42 P9 P10 P32 P50 P51 P56 P37
H1 0.74 0.5 0.95 0.42 0.88 0.67 0.12 0.05 0 0.99 0.8 1 1 0.84 0.86 0 0.93
H2 0.02 0.4 0.05 0.08 0.04 0.33 0 0.89 0 0 0.13 0 0 0.1 0.05 0 0
H3 0.21 0 0 0.5 0.08 0 0 0.06 0.2 0 0.07 0 0 0 0.1 0 0
H7 0 0.1 0 0 0 0 0 0 0 0 0 0 0 0.06 0 0 0.07
H12 0.02 0 0 0 0 0 0.88 0 0.8 0 0 0 0 0 0 0 0
H23 0 0 0 0 0 0 0 0 0 0.01 0 0 0 0 0 1 0

P3 P22 P27 P31 P30 P39 P41 P42 P9 P10 P32 P50 P51 P56
H1 0.74 0.75 0.73 0.42 0 0.02 0 0.91 0.58 0.5 1 0.69 0.71 0
H2 0.26 0.25 0.09 0.42 0 0.96 0 0.05 0.4 0.17 0 0.06 0.24 0
H3 0 0 0 0.08 0 0.02 0.12 0.01 0.02 0.17 0 0.12 0.06 0
H7 0 0 0.18 0.08 0 0 0 0.01 0 0.08 0 0.12 0 0
H12 0 0 0 0 1 0 0.88 0 0 0 0 0 0 0
H23 0 0 0 0 0 0 0 0.01 0 0.08 0 0 0 1

P3 P22 P27 P31 P30 P39 P41 P42 P9 P10 P32 P50 P51 P56 P38
H1 0.33 0.57 0.62 0.3 0 0.03 0 0.99 0.79 0.6 1 0.75 0.8 0 0
H2 0.22 0.29 0.25 0.27 0 0.97 0 0 0.21 0 0 0 0.1 0 1
H3 0.06 0 0 0.15 0.05 0 0 0 0 0.4 0 0 0.1 0 0
H7 0.17 0 0 0.18 0 0 0 0 0 0 0 0 0 0 0
H12 0.22 0.14 0 0.09 0.95 0 1 0 0 0 0 0.25 0 0 0
H23 0 0 0.12 0 0 0 0 0 0 0 0 0 0 1 0

P3 P22 P27 P31 P24 P39 P41 P42 P9 P10 P50 P51 P37
H1 0.14 0.67 0.5 0.17 0.29 0 1 1 0.87 0.36 0.5 0.28 0.67
H2 0.14 0.11 0.25 0.67 0.14 0.75 0 0 0.1 0.36 0.09 0.28 0.28
H3 0.71 0.22 0.25 0.12 0.29 0.17 0 0 0.02 0.09 0.41 0.44 0.04
H12 0 0 0 0.04 0.29 0.08 0 0 0 0.18 0 0 0.01

P3 P22 P31 P24 P29 P30 P39 P41 P42 P9 P10 P50 P37
H1 0.06 0.17 0.25 1 0 0 0 0 1 0.33 0.75 0.36 0.52
H2 0.03 0.33 0.12 0 0.09 0 0.62 0 0 0.44 0 0.09 0.36
H3 0.89 0.33 0.62 0 0 0 0.38 0 0 0.22 0 0.09 0.05
H7 0.03 0 0 0 0 0 0 0 0 0 0.25 0.18 0.07
H12 0 0.17 0 0 0.91 1 0 1 0 0 0 0.27 0

P3 P8 P22 P27 P31 P24 P29 P30 P39 P41 P42 P9 P10 P50 P51 P37
H1 0.04 0 0.21 0.8 0.09 0.4 0 0 0 0 1 0.31 0.45 0.29 0 0.4
H2 0 1 0 0 0.05 0 0.5 0 0.12 0 0 0.01 0.09 0 0 0.24
H3 0.79 0 0.64 0.2 0.86 0.6 0.5 0 0.88 0.07 0 0.67 0.36 0.71 0.7 0.31
H12 0.18 0 0.14 0 0 0 0 1 0 0.93 0 0 0.09 0 0.3 0.05

P3 P22 P27 P31 P24 P29 P30 P39 P41 P42 P9 P10 P50 P51 P37
H1 0.25 0.21 0.37 0.12 0.36 0 0.33 0 0 1 0.12 0.21 0.14 0.13 0.25
H2 0.18 0.37 0.47 0.38 0 0 0 0.94 0 0 0.42 0.32 0.37 0.52 0.48
H3 0.57 0.37 0.11 0.29 0.64 1 0 0.06 0.5 0 0.27 0.18 0.14 0.3 0.23
H7 0 0.05 0 0.18 0 0 0 0 0 0 0.15 0.07 0.33 0 0.04
H12 0 0 0 0.03 0 0 0.67 0 0.5 0 0.04 0.21 0.02 0.04 0
H23 0 0 0.05 0 0 0 0 0 0 0 0 0 0 0 0

P3 P22 P27 P31 P23 P24 P29 P39 P42 P9 P10 P50 P51 P56 P37
H1 0.16 0.14 0.21 0 0 0.5 0 0 0.8 0.22 0.42 0.21 0 0 0.05
H2 0.48 0.32 0.21 0.75 0 0.5 0 1 0 0.13 0.05 0.26 0.85 0 0.62
H3 0.16 0.14 0.07 0 0 0 0 0 0.2 0.03 0.05 0 0.15 0 0
H5 0 0.14 0 0.08 1 0 1 0 0 0.2 0.07 0.04 0 0 0.05
H7 0.2 0.27 0.5 0.17 0 0 0 0 0 0.12 0.16 0.47 0 0 0.23
H12 0 0 0 0 0 0 0 0 0 0.15 0.07 0.02 0 0 0
H20 0 0 0 0 0 0 0 0 0 0.1 0.16 0 0 0 0
H23 0 0 0 0 0 0 0 0 0 0 0 0 0 0.67 0
H26 0 0 0 0 0 0 0 0 0 0.05 0.02 0 0 0.33 0.05

P2 P3 P22 P27 P31 P24 P29 P30 P39 P41 P42 P1 P9 P10 P50 P51 P37
H1 0 0.18 0.21 0 0.14 0.64 0.07 0 0 0 0.88 0 0.16 0.36 0.21 0.12 0.44
H2 0 0.18 0.08 0.5 0.57 0.07 0.07 0 0.95 0 0 0 0.7 0.07 0.42 0.52 0.25
H3 1 0.36 0.58 0 0.21 0.25 0.07 0 0.05 0.25 0.12 0 0.09 0 0.16 0.32 0.23
H7 0 0.18 0.04 0 0 0 0 0 0 0.12 0 0 0.05 0.07 0.05 0 0.03
H12 0 0.09 0.04 0.5 0 0.04 0.79 1 0 0.62 0 0 0 0.43 0.16 0 0.04
H16 0 0 0.04 0 0 0 0 0 0 0 0 0 0 0.07 0 0.04 0
H20 0 0 0 0 0.07 0 0 0 0 0 0 1 0 0 0 0 0.01

P3 P22 P27 P31 P24 P29 P30 P39 P41 P42 P9 P10 P32 P50 P51 P56 P37
H1 0.23 0.07 0 0.13 0.46 0.27 0 0 0 1 0.21 0.17 0.2 0.16 0.11 0 0.22
H2 0.14 0.53 0.6 0.36 0.35 0.09 0 0.99 0 0 0.52 0.17 0.8 0.37 0.81 1 0.74
H3 0.41 0.27 0.25 0.36 0.17 0.09 0 0 0 0 0.07 0.08 0 0.14 0 0 0.03
H7 0.02 0 0.15 0.1 0 0 0 0 0 0 0.14 0.08 0 0.07 0 0 0
H12 0.2 0.13 0 0.05 0.02 0.55 1 0 1 0 0.05 0.5 0 0.26 0.07 0 0

P3 P31 P29 P30 P39 P41 P9 P10 P50 P51 P56
H1 0 0 0 0 0 0 0 0 0 1 0
H2 0.83 0.5 1 0 0.86 0.63 0.25 0 0.5 0 0
H3 0 0 0 0 0 0 0.12 0 0 0 0
H7 0 0.5 0 0 0.14 0 0.5 0.09 0.25 0 0
H12 0.17 0 0 1 0 0.37 0.12 0.64 0.25 0 0
H23 0 0 0 0 0 0 0 0.27 0 0 1

P31 P30 P39 P41 P9 P10 P50 P56
H2 0 0 0.15 0 0 0 0 0
H3 0 0 0.81 0 0 0 0 0
H7 1 0 0 0 0.57 0 1 0
H12 0 1 0.04 1 0.43 0 0 0
H23 0 0 0 0 0 1 0 1

P3 P22 P27 P31 P24 P39 P37
H2 0 0 0.67 0.33 1 1 0.6
H3 1 0.5 0 0.33 0 0 0.08
H7 0 0.5 0.33 0.33 0 0 0.32

P8 P22 P27 P28 P31 P24 P29 P39 P41 P42 P47 P48 P1 P5 P6 P9 P16 P17 P18 P32 P50 P52 P54 P55 P56 P57 P58 P60 P37 P38
H1 0 0.25 0 0.5 0.1 0.2 0 0 0 1 0 0 0.08 0 0 0.15 0.25 0 0 0 0 0.05 0 0.33 0 0.5 0 1 0 0.28
H2 0 0.75 0 0 0.6 0.6 0.08 0.87 0 0 0 0.5 0 0 0.25 0.3 0.75 0.5 0 0 1 0.05 0 0 0 0 0.5 0 1 0.28
H4 0 0 0 0 0 0 0 0.07 0 0 0 0.5 0 0 0 0.03 0 0 0 0 0 0 0 0 0 0 0 0 0 0.03
H7 0 0 0.5 0.5 0.1 0 0.92 0.04 1 0 0 0 0 1 0.5 0.06 0 0.5 0 1 0 0.67 1 0 0 0 0 0 0 0.09
H17 0 0 0 0 0 0 0 0 0 0 0 0 0 0 0 0 0 0 0 0 0 0.05 0 0 0.12 0 0 0 0 0
H18 0 0 0.5 0 0 0 0 0 0 0 1 0 0 0 0 0.03 0 0 0.33 0 0 0 0 0.33 0.08 0.5 0 0 0 0.02
H20 1 0 0 0 0 0.2 0 0 0 0 0 0 0.92 0 0 0.39 0 0 0 0 0 0.19 0 0 0 0 0.5 0 0 0.03
H22 0 0 0 0 0 0 0 0 0 0 0 0 0 0 0 0 0 0 0 0 0 0 0 0.33 0 0 0 0 0 0.03
H23 0 0 0 0 0.2 0 0 0.02 0 0 0 0 0 0 0.25 0.03 0 0 0.67 0 0 0 0 0 0.79 0 0 0 0 0.01
H25 0 0 0 0 0 0 0 0.01 0 0 0 0 0 0 0 0 0 0 0 0 0 0 0 0 0 0 0 0 0 0.23

P22 P26 P27 P28 P31 P24 P29 P39 P42 P48 P5 P6 P9 P16 P17 P52 P58 P38
H1 0 0 0.33 0 0 0 0.07 0.01 1 0.12 0 0 0.16 0.5 0.12 0 0.12 0.08
H2 0.6 1 0.67 1 0.62 0.33 0.4 0.95 0 0.88 0 0 0.53 0.5 0.25 0 0.38 0.65
H4 0 0 0 0 0 0 0 0.03 0 0 0 0 0 0 0 0 0 0.02
H7 0.4 0 0 0 0.38 0.67 0.5 0.01 0 0 1 1 0.31 0 0.5 1 0.5 0.2
H18 0 0 0 0 0 0 0 0 0 0 0 0 0 0 0.12 0 0 0.01
H25 0 0 0 0 0 0 0.03 0 0 0 0 0 0 0 0 0 0 0.04

P22 P26 P27 P31 P29 P39 P42 P48 P9 P16 P17 P52 P58 P38
H1 0 0.16 0.5 0.08 0.12 0 1 0.18 0.23 0.33 0 0.5 1 0.37
H2 1 0.84 0.5 0.92 0.88 0.99 0 0.82 0.77 0.67 1 0.5 0 0.48
H7 0 0 0 0 0 0 0 0 0 0 0 0 0 0.04
H23 0 0 0 0 0 0 0 0 0 0 0 0 0 0
H25 0 0 0 0 0 0 0 0 0 0 0 0 0 0.11

P22 P26 P31 P24 P29 P30 P39 P41 P42 P48 P6 P9 P16 P52 P58 P38
H1 1 0.02 0.02 0 0 0 0.01 0 0.97 0.08 0 0.31 0.4 0 0 0.19
H2 0 0.98 0.91 1 0.4 0 0.98 0.04 0.03 0.89 0 0.55 0.6 0 0.25 0.2
H7 0 0 0.07 0 0.6 0 0.01 0.15 0 0.03 1 0.15 0 1 0.5 0.37
H11 0 0 0 0 0 1 0 0.81 0 0 0 0 0 0 0.25 0.01
H25 0 0 0 0 0 0 0 0 0 0 0 0 0 0 0 0.23

P26 P31 P29 P39 P41 P42 P48 P6 P9 P11 P16 P17 P18 P50 P37 P38
H1 0 0 0 0 0 0.9 0 0 0.2 0 0 0.2 0 0 0.31 0.25
H2 1 1 0 0.78 1 0.1 0.5 0 0.73 0 1 0.2 0 0.4 0.5 0.17
H4 0 0 0 0.22 0 0 0 0 0 0 0 0 0 0 0.06 0
H7 0 0 1 0 0 0 0.5 1 0.07 1 0 0.6 0 0.6 0.12 0.33
H23 0 0 0 0 0 0 0 0 0 0 0 0 1 0 0 0
H25 0 0 0 0 0 0 0 0 0 0 0 0 0 0 0 0.25

P8 P22 P26 P27 P28 P31 P24 P29 P39 P42 P48 P6 P9 P16 P17 P18 P50 P56 P37 P38
H1 0 0.08 0.05 0.09 0 0.08 0.26 0.14 0.01 0.83 0 0 0.04 0 0 0 0.14 0 0.07 0.17
H2 0 0.63 0.86 0.55 0.33 0.46 0.61 0.74 0.96 0.14 0.95 0 0.58 1 0 0 0.43 0 0.55 0.17
H7 1 0.29 0.09 0.36 0.67 0.45 0.13 0.12 0.03 0.03 0.05 1 0.38 0 1 0 0.43 0 0.38 0.67
H20 0 0 0 0 0 0 0 0 0 0 0 0 0 0 0 0 0 0 0 0
H23 0 0 0 0 0 0 0 0 0 0 0 0 0 0 0 1 0 1 0 0

P22 P26 P27 P28 P31 P24 P29 P39 P42 P48 P6 P9 P16 P17 P50 P54 P37 P38
H1 0.05 0 0 0 0.02 0 0.29 0 0.67 0.03 0 0.05 0.05 0 0 0 0.25 0
H2 0.77 1 0.73 0.67 0.56 1 0.43 0.99 0.17 0.97 0 0.75 0.9 0.32 0.5 0 0.65 0.14
H7 0.18 0 0.27 0.22 0.41 0 0.29 0.01 0.17 0 1 0.18 0.05 0.68 0.5 1 0.1 0.86
H20 0 0 0 0.11 0.01 0 0 0 0 0 0 0.02 0 0 0 0 0 0

P3 P8 P22 P26 P31 P29 P30 P39 P40 P41 P48 P6 P9 P10 P49 P50 P52 P58 P59 P61 P37 P38
H2 1 0 0.19 1 0.29 0 0 0.96 0.03 0.03 1 0 0.27 0.08 0 0.37 0 0.17 0 0 0.38 0.34
H7 0 1 0.77 0 0.71 1 1 0.04 0.97 0.76 0 0.95 0.68 0.46 1 0.63 1 0.83 1 1 0.62 0.65
H12 0 0 0 0 0 0 0 0 0 0.21 0 0 0.01 0.23 0 0 0 0 0 0 0 0
H20 0 0 0 0 0 0 0 0 0 0 0 0.05 0.03 0.23 0 0 0 0 0 0 0 0.02
H23 0 0 0.04 0 0 0 0 0.01 0 0 0 0 0 0 0 0 0 0 0 0 0 0

P3 P8 P22 P26 P27 P28 P31 P29 P39 P40 P41 P48 P6 P9 P10 P16 P18 P19 P35 P49 P50 P56 P58 P59 P61 P37 P38
H2 0 0.5 0.16 1 0.33 0.5 0.5 0.33 0.66 0.31 0 0.5 0.06 0.27 0.14 1 0 0.5 1 0.75 0.27 0 0 0 0.12 0.64 0.18
H4 0 0 0 0 0 0 0.11 0 0.21 0 0 0 0 0.04 0.14 0 0 0.5 0 0 0.01 0 0 0 0 0.03 0.05
H7 1 0.5 0.7 0 0.67 0.5 0.31 0.33 0.12 0.69 0.5 0.5 0.91 0.65 0.43 0 0 0 0 0.12 0.69 0 0.8 1 0.5 0.29 0.64
H12 0 0 0 0 0 0 0 0 0 0 0.5 0 0 0 0.14 0 0 0 0 0 0 0 0 0 0 0 0
H13 0 0 0 0 0 0 0 0.33 0 0 0 0 0 0 0 0 0 0 0 0.12 0 0 0 0 0 0 0
H20 0 0 0.14 0 0 0 0.07 0 0 0 0 0 0.04 0.04 0.14 0 0 0 0 0 0.03 0 0.2 0 0.38 0 0
H23 0 0 0 0 0 0 0.01 0 0 0 0 0 0 0 0 0 1 0 0 0 0 1 0 0 0 0.03 0.14

P8 P22 P26 P27 P28 P31 P24 P29 P30 P39 P40 P41 P48 P6 P7 P9 P10 P16 P17 P49 P50 P61 P37 P38
H2 1 0.67 0.92 0.58 1 0.71 0.85 0.1 0 0.56 0.12 0 0.5 0 0 0.68 0.62 0.5 0 0.67 0.55 0 0.73 0.54
H4 0 0 0 0.04 0 0.14 0.15 0.8 0 0.41 0 0 0.5 0 0 0.08 0.12 0.5 0 0 0.09 0 0.14 0.07
H7 0 0.33 0.08 0.38 0 0.16 0 0.1 0 0.02 0.88 1 0 1 1 0.24 0.27 0 1 0 0.36 1 0.12 0.39
H13 0 0 0 0 0 0 0 0 0 0 0 0 0 0 0 0 0 0 0 0.33 0 0 0 0
H20 0 0 0 0 0 0 0 0 1 0 0 0 0 0 0 0 0 0 0 0 0 0 0 0

P3 P8 P22 P26 P27 P28 P31 P24 P29 P34 P39 P41 P48 P6 P9 P10 P16 P18 P50 P51 P56 P61 P37 P38
H2 0.33 0.5 0.54 0.5 0.2 0.5 0.62 1 0.71 0 0.95 0 1 0.17 0.59 0.39 0.83 0.07 0.62 1 0 1 0.84 0.26
H4 0 0 0.01 0 0.03 0 0.01 0 0 0 0.04 0 0 0 0.02 0 0 0 0.03 0 0 0 0.02 0.09
H5 0 0 0 0 0 0 0 0 0 0 0 0 0 0 0 0.03 0 0 0 0 0 0 0 0
H7 0.33 0.5 0.36 0.5 0.74 0 0.35 0 0.29 0 0.01 0 0 0.83 0.33 0.19 0.17 0 0.22 0 0 0 0.12 0.63
H12 0 0 0.07 0 0 0 0.02 0 0 0 0 0.92 0 0 0.04 0.25 0 0 0.08 0 0.23 0 0.01 0
H18 0 0 0 0 0.03 0.5 0 0 0 0 0 0 0 0 0 0 0 0.73 0.01 0 0.08 0 0 0
H20 0.33 0 0.01 0 0 0 0.01 0 0 0 0 0.08 0 0 0.02 0.14 0 0 0.04 0 0 0 0 0
H23 0 0 0 0 0 0 0 0 0 1 0 0 0 0 0 0 0 0.2 0 0 0.69 0 0 0.03

P3 P21 P22 P26 P27 P28 P31 P24 P29 P30 P39 P41 P44 P45 P48 P6 P9 P10 P16 P18 P35 P46 P49 P50 P51 P53 P55 P56 P58 P37 P38
H2 0.69 0 0.74 0.8 0.5 0.33 0.56 1 0 0 0.84 0 0 0 0.8 0 0.62 0.59 0.93 0 0 1 0.5 0.59 1 0 0 0 1 0.53 0.29
H4 0 0 0.09 0 0.15 0 0.15 0 0 0 0.12 0 0 0 0 0 0.05 0.03 0 0 0 0 0 0.05 0 0 0 0 0 0.03 0
H5 0 0 0.03 0 0 0 0 0 0 0 0 0 0 1 0 0 0.01 0 0 0 0 0 0 0 0 0 0 0 0 0 0
H7 0.2 0 0.1 0 0.05 0 0.26 0 0.6 0 0.03 0 0 0 0.2 0.87 0.27 0.1 0 0 0 0 0.12 0.31 0 1 0 0 0 0.23 0.34
H10 0 0 0 0 0 0 0 0 0 0 0 0 0 0 0 0.03 0 0.05 0 0 0 0 0.38 0.01 0 0 0 0 0 0.02 0
H12 0.06 0 0 0 0 0 0.01 0 0.2 1 0 0.5 0 0 0 0.03 0.01 0.05 0 0 0 0 0 0.02 0 0 0 0 0 0.02 0.03
H16 0 0 0 0 0.1 0 0 0 0 0 0 0 0 0 0 0 0.01 0.03 0 0 1 0 0 0.02 0 0 0 0 0 0 0
H18 0 0 0.03 0 0 0 0 0 0 0 0 0 0 0 0 0 0.01 0.03 0.07 0.44 0 0 0 0.01 0 0 1 0.83 0 0.06 0.03
H19 0 0 0 0 0 0 0 0 0 0 0 0 1 0 0 0 0 0 0 0 0 0 0 0 0 0 0 0 0 0 0
H20 0.06 0 0.01 0.2 0.2 0.67 0.02 0 0.2 0 0 0.5 0 0 0 0.03 0.03 0.1 0 0 0 0 0 0.01 0 0 0 0 0 0.02 0
H21 0 1 0 0 0 0 0 0 0 0 0 0 0 0 0 0 0 0 0 0 0 0 0 0 0 0 0 0 0 0 0
H23 0 0 0.01 0 0 0 0 0 0 0 0 0 0 0 0 0.03 0.01 0.03 0 0.56 0 0 0 0 0 0 0 0.17 0 0.08 0.31
H25 0 0 0 0 0 0 0 0 0 0 0 0 0 0 0 0 0 0 0 0 0 0 0 0 0 0 0 0 0 0.01 0

P3 P8 P22 P26 P27 P28 P31 P24 P25 P29 P30 P34 P39 P40 P41 P43 P48 P6 P9 P10 P11 P16 P18 P35 P49 P50 P52 P55 P56 P58 P61 P37 P38
H2 0.13 0 0.53 0.94 0.4 0.33 0.57 1 0 0.5 0 0 0.96 0 0 0 1 0.05 0.62 0.22 0 0.8 0.07 0 1 0.31 0 0 0.05 0.5 0 0.64 0.55
H7 0.1 0 0.43 0 0.12 0.33 0.31 0 0 0 0.15 0 0.02 1 0.12 0 0 0.74 0.19 0.15 0.12 0 0.02 0 0 0.21 0.92 0 0.01 0.5 0.67 0.24 0.24
H12 0.72 0 0 0 0.12 0 0.04 0 0 0 0.85 0 0.01 0 0.75 0 0 0.1 0.08 0.27 0 0 0 0 0 0.17 0.08 0 0 0 0 0.04 0
H14 0.03 0 0 0 0 0 0.01 0 0 0.5 0 0 0 0 0 0.99 0 0.03 0.01 0.02 0 0 0 0 0 0.08 0 0 0 0 0 0 0
H17 0 0 0 0 0 0 0.01 0 0 0 0 0 0 0 0 0 0 0 0 0.05 0 0.07 0.21 0 0 0.05 0 0.14 0.15 0 0 0 0
H18 0.03 0 0 0.06 0.12 0 0.01 0 0 0 0 0 0.01 0 0.11 0 0 0.03 0.01 0.24 0 0.07 0.43 1 0 0 0 0.43 0.37 0 0 0.05 0.11
H20 0 0.67 0 0 0.04 0.33 0.05 0 0 0 0 0 0 0 0 0 0 0.05 0.07 0 0 0 0.02 0 0 0.14 0 0 0 0 0.33 0 0
H21 0 0 0 0 0 0 0 0 0 0 0 0 0 0 0 0 0 0 0 0.02 0 0 0 0 0 0.01 0 0 0 0 0 0 0
H23 0 0.33 0.03 0 0 0 0 0 0 0 0 1 0 0 0.01 0 0 0 0 0 0 0 0.26 0 0 0.02 0 0 0.41 0 0 0.04 0.05
H25 0 0 0 0 0 0 0 0 0 0 0 0 0 0 0 0 0 0 0 0 0 0 0 0 0 0 0 0 0 0 0 0 0.05
H26 0 0 0 0 0.2 0 0.01 0 1 0 0 0 0 0 0 0.01 0 0 0.01 0.02 0.88 0.07 0 0 0 0.01 0 0.43 0 0 0 0 0

P8 P22 P26 P27 P28 P31 P30 P39 P40 P41 P47 P48 P5 P6 P9 P10 P11 P13 P16 P18 P35 P50 P52 P55 P56 P57 P58 P59 P61 P38
H2 0 0.5 1 0.75 0.75 0.82 0 0.99 0 0.04 0.2 0.95 0.05 0 0.5 0.45 0 0 0.8 0 0 0 0.03 0.04 0.06 0 0.38 0 0 0.08
H7 1 0.42 0 0.25 0.25 0.18 0 0.01 1 0.08 0.2 0.02 0.95 0.9 0.25 0.09 0 1 0.2 0.05 0 1 0.97 0 0 0 0.62 1 0 0.08
H12 0 0 0 0 0 0 1 0 0 0.78 0 0 0 0.05 0.05 0 0 0 0 0 0 0 0 0 0 0 0 0 0 0.06
H16 0 0 0 0 0 0 0 0 0 0 0 0 0 0 0.01 0 0 0 0 0 0 0 0 0 0 0 0 0 0 0
H18 0 0 0 0 0 0 0 0 0 0 0 0 0 0 0 0 0 0 0 0 0 0 0 0 0 0.33 0 0 0 0
H20 0 0 0 0 0 0 0 0 0 0.04 0 0 0 0.05 0.05 0.09 0 0 0 0 0 0 0 0 0 0 0 0 0 0
H22 0 0.08 0 0 0 0 0 0 0 0 0.6 0 0 0 0.05 0 0 0 0 0.14 0 0 0 0 0.18 0 0 0 0 0
H23 0 0 0 0 0 0 0 0 0 0.02 0 0 0 0 0.09 0.36 1 0 0 0.64 1 0 0 0.96 0.71 0.67 0 0 1 0
H25 0 0 0 0 0 0 0 0 0 0.04 0 0.02 0 0 0 0 0 0 0 0.18 0 0 0 0 0.06 0 0 0 0 0.78

P31 P33 P39 P40 P41 P47 P48 P6 P9 P10 P11 P18 P35 P46 P52 P55 P56 P58 P61 P38
H2 0.09 0 0.94 0 0.05 0 1 0 0.02 0 0 0 0 0 0 0 0 0 0 0
H7 0.82 0 0 0.98 0.65 0.5 0 0.98 0.71 0.5 0 0 1 0 1 0 0 0.97 1 0.12
H15 0 1 0 0 0 0 0 0 0 0 0 0 0 1 0 0 0 0 0 0
H18 0 0 0 0 0 0 0 0 0.01 0 0 0 0 0 0 0 0 0 0 0
H20 0.04 0 0 0 0.3 0 0 0.02 0.17 0 0 0 0 0 0 0 0 0.03 0 0
H22 0 0 0 0.01 0 0.5 0 0 0 0 0 0 0 0 0 0 0.14 0 0 0.12
H23 0.04 0 0 0 0 0 0 0 0.08 0.5 1 0 0 0 0 1 0.86 0 0 0.04
H25 0 0 0.06 0 0 0 0 0 0 0 0 1 0 0 0 0 0 0 0 0.72

P3 P8 P22 P26 P31 P24 P39 P40 P41 P48 P6 P9 P10 P13 P16 P18 P50 P56 P58 P59 P61 P37 P38
H2 0 0 0.42 0.43 0.33 0.5 1 0 0 1 0 0.19 0.04 0 1 0 0.42 0 0 0 0 0.6 0.02
H7 1 0.67 0.45 0 0.36 0.12 0 1 0 0 0.93 0.63 0.54 1 0 0 0.57 0 1 0 0.67 0.37 0.24
H18 0 0.33 0.05 0.57 0.03 0.38 0 0 0 0 0 0.06 0.08 0 0 0.6 0 0.5 0 0 0 0.02 0.06
H20 0 0 0.08 0 0.28 0 0 0 1 0 0.07 0.12 0.33 0 0 0 0 0 0 1 0.33 0 0
H23 0 0 0 0 0 0 0 0 0 0 0 0 0 0 0 0.35 0 0.5 0 0 0 0.01 0.02
H25 0 0 0 0 0 0 0 0 0 0 0 0 0 0 0 0.05 0 0 0 0 0 0 0.67

P3 P8 P22 P26 P27 P31 P24 P29 P30 P39 P41 P48 P6 P7 P9 P10 P16 P17 P18 P50 P52 P55 P57 P58 P38
H2 0 0 0.12 1 0.5 0.16 0 0 0 0.96 0.01 0.8 0 0 0.21 0 0.76 0.19 0 0 0 0 1 0 0.4
H7 0.83 0 0.75 0 0.5 0.77 0 1 0.04 0.04 0.04 0.2 0.91 0.6 0.65 0.4 0.2 0.81 0 0.5 0.75 0 0 1 0.46
H12 0.17 1 0.12 0 0 0.06 1 0 0.96 0.01 0.94 0 0.07 0.4 0.11 0.6 0.02 0 0 0.5 0.25 0 0 0 0.13
H20 0 0 0 0 0 0.02 0 0 0 0 0.01 0 0.02 0 0.02 0 0 0 0 0 0 0 0 0 0
H23 0 0 0 0 0 0 0 0 0 0 0 0 0 0 0.01 0 0.02 0 1 0 0 1 0 0 0.01

P3 P27 P31 P24 P39 P42
H1 0.8 1 0.2 1 0 1
H2 0.2 0 0.2 0 1 0
H3 0 0 0.4 0 0 0
H7 0 0 0.2 0 0 0

P3 P22 P27 P31 P24 P25 P29 P30 P39 P42 P37
H1 0 0.09 0 0 0.88 0 0 0 0.02 0.8 1
H2 0.6 0.73 0.29 1 0.11 0.68 1 0 0.97 0 0
H3 0.4 0.18 0 0 0 0.05 0 0 0.01 0 0
H12 0 0 0 0 0 0 0 1 0.01 0.2 0
H26 0 0 0.71 0 0 0.27 0 0 0 0 0

P3 P22 P27 P31 P24 P29 P30 P39 P41 P42 P48 P9 P10 P32 P50 P51 P37
H1 0.11 0 0 0.02 0.67 0.08 0 0.01 0 0.96 0 0.17 0.07 0 0.3 0.32 0.27
H2 0.36 0.54 0.8 0.4 0.29 0.58 0.25 0.98 0.3 0.03 1 0.65 0.21 1 0.3 0.56 0.53
H3 0.08 0.31 0 0.02 0.01 0 0.25 0 0 0 0 0 0 0 0.07 0.08 0
H7 0.08 0.08 0 0.03 0 0.17 0 0 0 0 0 0.09 0.07 0 0.2 0 0.1
H12 0.28 0 0 0 0.02 0.17 0.5 0 0.7 0.01 0 0 0.29 0 0 0.04 0
H20 0.09 0.08 0.2 0.53 0 0 0 0 0 0 0 0.09 0.36 0 0.13 0 0.1

P3 P8 P22 P26 P27 P31 P4 P24 P29 P39 P42 P48 P1 P9 P10 P32 P46 P50 P51 P55 P37
H1 0.67 0.25 0.37 0 0.2 0.36 0.5 0.74 0.5 0 0.98 0.07 0 0.3 0.36 0.8 1 0.55 0.68 0 0.48
H2 0.31 0.75 0.6 1 0.8 0.63 0.5 0.23 0.5 0.99 0.02 0.93 1 0.68 0.64 0.2 0 0.39 0.32 1 0.47
H7 0.02 0 0.03 0 0 0.01 0 0.04 0 0 0 0 0 0.02 0 0 0 0.06 0 0 0.05

P3 P27 P31 P30 P39 P41 P42 P9 P51
H1 0.43 1 0 0 0 0.09 1 0.76 0.67
H2 0 0 0 0 1 0.09 0 0.08 0.33
H3 0.14 0 1 0 0 0 0 0.08 0
H7 0 0 0 0 0 0 0 0.05 0
H12 0.43 0 0 1 0 0.82 0 0.03 0

P3 P22 P27 P31 P24 P29 P30 P39 P41 P42 P9 P10 P50 P51 P37
H1 0.07 0.55 1 0.26 0.53 0 0.01 0.02 0 0.98 0.8 0.3 0.57 0.22 0.83
H2 0.01 0.3 0 0.07 0.29 0 0 0.96 0 0.01 0.05 0.09 0 0.67 0
H3 0.17 0.05 0 0.17 0.13 0.4 0.01 0 0.04 0.01 0 0.13 0.04 0.11 0
H7 0.01 0.05 0 0.02 0 0 0 0 0 0 0.07 0.04 0.09 0 0
H12 0.73 0.05 0 0.48 0.05 0.6 0.97 0.02 0.96 0 0.07 0.43 0.3 0 0.17

P3 P22 P31 P24 P39 P41 P42 P9 P50 P37
H1 0 0 0 0 0 0 1 0 0 0
H2 0 0.5 0.19 0.17 0.44 0 0 0 0 0
H3 0.33 0 0.43 0.5 0.53 0 0 1 1 0
H7 0.44 0.5 0.29 0 0.02 0 0 0 0 1
H12 0.22 0 0.1 0.33 0 1 0 0 0 0

P3 P22 P27 P31 P24 P29 P30 P39 P42 P9 P10 P16 P50 P37
H1 0.17 0.13 0.2 0.03 0.15 0 0.5 0 1 0.2 0.5 1 1 0.1
H2 0.33 0.6 0.8 0.74 0.6 0 0 0.98 0 0.2 0 0 0 0.72
H3 0.13 0.27 0 0.18 0.2 0.25 0 0 0 0.6 0.5 0 0 0.03
H7 0.07 0 0 0.03 0.05 0 0 0.02 0 0 0 0 0 0.14
H12 0.3 0 0 0.03 0 0.5 0.5 0 0 0 0 0 0 0
H20 0 0 0 0 0 0.25 0 0 0 0 0 0 0 0.01

P2 P3 P8 P22 P27 P31 P24 P29 P30 P39 P41 P42 P48 P9 P10 P32 P50 P51 P37
H1 0 0.42 0 0.32 0.7 0.14 0.7 0.21 0 0.01 0 0.84 0 0.45 0.6 0.2 0.33 0.64 0.32
H2 0 0.16 1 0.57 0.1 0.59 0.21 0.03 0 0.98 0 0.15 1 0.5 0.2 0.8 0.47 0.27 0.6
H3 1 0.26 0 0.11 0.1 0.16 0.09 0.21 0 0.01 0 0.02 0 0.02 0.1 0 0.13 0.09 0.04
H7 0 0.02 0 0 0 0.08 0 0 0 0 0 0 0 0.02 0 0 0.07 0 0.03
H12 0 0.14 0 0 0.1 0.04 0.01 0.55 1 0 1 0 0 0 0.1 0 0 0 0

P3 P22 P27 P31 P24 P39 P42 P9 P10 P50 P51 P37
H1 0.79 0 0 0 0 0 1 0.5 0.67 0.29 0.43 0.11
H2 0.07 1 1 0.5 1 1 0 0.38 0.22 0.43 0.57 0.89
H3 0.07 0 0 0 0 0 0 0 0 0 0 0
H7 0.07 0 0 0.5 0 0 0 0.12 0.11 0.29 0 0

P3 P22 P27 P31 P24 P29 P30 P39 P41 P42 P48 P9 P10 P11 P50 P51 P37
H1 0.27 0.2 0.14 0.06 0.06 0 0 0 0 1 0 0.21 0.38 0 0.14 0.2 0.14
H2 0.27 0.6 0.71 0.72 0.26 0 0 0.98 0 0 1 0.69 0.28 0 0.57 0.6 0.71
H3 0.18 0.2 0 0.16 0.68 0 0 0.01 0 0 0 0.02 0.1 0 0.29 0.2 0.12
H7 0 0 0.14 0 0 0 0 0 0 0 0 0.04 0 0 0 0 0
H12 0.27 0 0 0.06 0 1 1 0 1 0 0 0.02 0.12 0 0 0 0.01
H26 0 0 0 0 0 0 0 0 0 0 0 0.02 0.12 1 0 0 0.03

P2 P3 P8 P22 P27 P31 P24 P29 P39 P42 P48 P9 P10 P32 P50 P51 P37 P38
H1 0 0.18 0 0.16 0.09 0.19 0.3 0.12 0.01 0.95 0 0.21 0.23 1 0.2 0.1 0.15 0
H2 1 0.66 1 0.72 0.91 0.7 0.66 0.62 0.97 0.05 1 0.79 0.64 0 0.45 0.89 0.83 1
H3 0 0.04 0 0.06 0 0.07 0.02 0.12 0 0 0 0 0 0 0 0 0 0
H4 0 0 0 0 0 0 0 0 0 0 0 0 0 0 0.05 0 0 0
H7 0 0.11 0 0.06 0 0.04 0.01 0.12 0.01 0 0 0 0.09 0 0.25 0.01 0.02 0
H12 0 0.02 0 0 0 0 0 0 0 0 0 0 0.05 0 0.05 0 0 0

P3 P22 P27 P31 P30 P39 P41 P42 P9 P10 P18 P32 P50 P51 P56
H1 0.52 0.62 0.48 0.4 0 0.03 0 0.96 0.49 0.44 1 1 0.5 0.34 1
H2 0.15 0.25 0.38 0.47 0 0.97 0 0.04 0.47 0.32 0 0 0.5 0.64 0
H3 0 0 0 0.01 0 0 0 0 0 0 0 0 0 0 0
H7 0 0 0.1 0.01 0 0 0 0 0.01 0.04 0 0 0 0 0
H8 0.21 0 0.05 0 0 0 0 0 0 0.08 0 0 0 0.02 0
H12 0.11 0.12 0 0.11 1 0 1 0 0.04 0.12 0 0 0 0 0

P22 P27 P31 P39 P40 P5 P6 P9 P18 P49 P50 P52 P56
H2 0.2 1 0.12 0.98 0 0 0 0 0 1 0.25 0 0
H7 0.8 0 0.88 0.02 1 1 1 1 0 0 0.75 1 0
H23 0 0 0 0 0 0 0 0 1 0 0 0 1

P22 P27 P31 P41 P1 P6 P9 P16 P17 P18 P50 P58 P38
H7 0 1 0.14 0.12 0 0.94 0.38 0.71 0.8 0 1 0 0.5
H20 1 0 0.86 0.88 1 0.06 0.62 0.29 0.2 0 0 1 0.5
H23 0 0 0 0 0 0 0 0 0 1 0 0 0

P26 P31 P39 P48 P6 P9 P16 P17 P55 P56 P58 P38
H2 1 0.48 0.98 0.67 0 0.46 1 0 0 0 0 0
H7 0 0.52 0.02 0.33 1 0.38 0 1 0 0.5 1 0.04
H22 0 0 0 0 0 0.08 0 0 1 0 0 0
H23 0 0 0 0 0 0.08 0 0 0 0.5 0 0.08
H25 0 0 0 0 0 0 0 0 0 0 0 0.88

P22 P27 P31 P30 P39 P41 P48 P1 P6 P9 P15 P16 P17 P18 P50 P52 P56 P58 P37 P38
H1 0 0 0 0 0 0 0 0 0 0.09 0 0.1 0 0 0 0 0 0 0 0
H2 0.75 0.33 0.79 0 1 0 1 0 0 0.25 1 0.9 0 0 1 0 0 0 0.38 0.25
H7 0.25 0.33 0.21 0 0 0 0 0 1 0.53 0 0 1 0 0 0 0 0.5 0.25 0.42
H12 0 0 0 1 0 0 0 0 0 0.05 0 0 0 0 0 1 0 0.5 0 0
H20 0 0 0 0 0 1 0 1 0 0.08 0 0 0 0 0 0 0 0 0 0.08
H23 0 0 0 0 0 0 0 0 0 0 0 0 0 0.6 0 0 1 0 0.38 0
H25 0 0.33 0 0 0 0 0 0 0 0 0 0 0 0.4 0 0 0 0 0 0.25

P22 P26 P27 P31 P24 P39 P42 P48 P6 P9 P10 P11 P16 P17 P50
H1 0.1 0 0 0 0.25 0 1 0 0 0 0 0 0 0 0.09
H2 0.8 0.92 1 0.93 0.75 1 0 1 0 1 1 1 1 0.43 0.45
H7 0.1 0.08 0 0.07 0 0 0 0 1 0 0 0 0 0.57 0.45

P3 P22 P27 P31 P24 P29 P30 P39 P41 P9 P10 P16 P32 P50 P61
H1 0.75 0 1 0.05 0 0 0 0 0.04 0.38 0.33 0.81 1 0 0
H2 0 1 0 0.4 1 0 0 0.99 0 0.07 0 0.19 0 0 1
H7 0.25 0 0 0.56 0 0 0 0.01 0.43 0.55 0.5 0 0 1 0
H12 0 0 0 0 0 0 1 0 0.5 0 0.17 0 0 0 0
H20 0 0 0 0 0 1 0 0 0.02 0 0 0 0 0 0

P3 P8 P22 P27 P28 P31 P23 P24 P29 P34 P39 P40 P45 P1 P6 P9 P10 P13 P16 P17 P18 P32 P46 P49 P50 P56 P37 P38
H2 1 0 0.19 0.21 0 0.63 0 0.67 0 0 1 0 0 0 0 0.19 0 0 1 0.04 0 0 1 0 0.29 0 0.39 0.09
H3 0 0 0.06 0.14 0 0.16 0 0.33 0 0 0 0 0 0 0 0.14 0 0 0 0 0.22 0 0 0 0.32 0 0.33 0.23
H4 0 0 0.1 0.14 0.5 0 0 0 0 0 0 0 0 0 0 0.11 0 0 0 0 0 0 0 0 0.12 0 0.09 0
H5 0 0 0 0 0 0 1 0 0 0 0 0 1 0 0 0 0 0 0 0 0 0 0 0 0.01 0 0 0.05
H7 0 0 0.52 0.36 0 0.05 0 0 0.5 0 0 1 0 0 1 0.23 1 1 0 0.7 0.22 0 0 0 0.22 0 0.18 0.32
H10 0 0 0 0 0 0 0 0 0 0 0 0 0 0 0 0 0 0 0 0 0 0 0 1 0 0 0 0.05
H18 0 1 0 0 0.5 0.05 0 0 0 1 0 0 0 0 0 0.01 0 0 0 0 0.33 0 0 0 0 1 0 0.14
H20 0 0 0.13 0.14 0 0.11 0 0 0.5 0 0 0 0 1 0 0.31 0 0 0 0.26 0.11 1 0 0 0.01 0 0 0.14
H24 0 0 0 0 0 0 0 0 0 0 0 0 0 0 0 0.01 0 0 0 0 0.11 0 0 0 0.03 0 0 0

P3 P22 P26 P27 P28 P31 P24 P29 P30 P39 P40 P41 P47 P48 P6 P7 P9 P10 P11 P13 P17 P18 P32 P50 P52 P54 P55 P56 P57 P58 P59 P61 P37 P38
H2 0 0.12 1 0.38 0 0.25 0.33 0 0.03 0.92 0.01 0 0.09 0 0.02 0 0.32 0 0 0 0 0 0.33 0.22 0.01 0 0 0 0 0 0 0.33 0 0.2
H3 0.75 0.06 0 0.12 0 0.07 0.67 0 0 0.07 0.01 0.01 0 0 0 0 0.06 0 1 0 0 0 0 0.11 0 0 0 0 0 0 0 0 0.5 0.02
H7 0 0.65 0 0.25 1 0.57 0 0.33 0 0 0.98 0 0 0.5 0.95 1 0.49 0 0 1 1 0.04 0.33 0.67 0.93 1 0 0 0 0.93 1 0.67 0 0.57
H9 0 0 0 0 0 0 0 0 0 0 0 0 0 0 0 0 0.06 0 0 0 0 0 0.33 0 0 0 0 0 0 0 0 0 0 0
H12 0.25 0.06 0 0 0 0 0 0 0.97 0 0 0.96 0 0 0 0 0 0.5 0 0 0 0 0 0 0.06 0 0 0 0 0 0 0 0 0.02
H18 0 0.12 0 0.25 0 0.02 0 0 0 0 0.01 0.01 0.87 0.5 0 0 0.06 0.5 0 0 0 0.19 0 0 0 0 1 0.32 1 0.07 0 0 0 0.06
H20 0 0 0 0 0 0.09 0 0.67 0 0 0 0.01 0 0 0.03 0 0 0 0 0 0 0 0 0 0 0 0 0 0 0 0 0 0.5 0
H23 0 0 0 0 0 0 0 0 0 0 0 0 0.04 0 0 0 0 0 0 0 0 0.78 0 0 0 0 0 0.68 0 0 0 0 0 0.04
H25 0 0 0 0 0 0 0 0 0 0 0 0 0 0 0 0 0 0 0 0 0 0 0 0 0 0 0 0 0 0 0 0 0 0.1

P3 P22 P31 P30 P39 P42 P9 P10 P16 P32 P51 P56
H1 1 1 0.47 0 0.01 0.96 0.5 0.83 0.6 0.67 0.75 0
H2 0 0 0.47 0 0.99 0 0.4 0 0.3 0 0.25 0
H3 0 0 0 0 0 0 0 0 0.1 0 0 0
H7 0 0 0 0 0 0 0.1 0 0 0 0 0
H9 0 0 0.05 0 0 0.04 0 0.17 0 0 0 0
H12 0 0 0 1 0 0 0 0 0 0 0 0
H17 0 0 0 0 0 0 0 0 0 0.33 0 1

P3 P22 P27 P31 P24 P29 P30 P39 P41 P42 P10 P11 P16 P51 P56 P37
H1 0.02 0 0 0.07 0.36 0 0 0 0.01 1 0.12 0 0.72 0.39 0 0.67
H3 0.48 0.93 0.86 0.38 0.55 0 0 0.67 0.02 0 0.33 1 0.21 0.5 0.1 0.33
H4 0.05 0 0 0.01 0 0 0 0.33 0 0 0.01 0 0.03 0.06 0 0
H7 0 0 0 0.01 0 0 0 0 0 0 0.1 0 0.01 0 0 0
H12 0.45 0.07 0.09 0.51 0.09 1 1 0 0.97 0 0.45 0 0.03 0.06 0 0
H20 0 0 0 0.01 0 0 0 0 0 0 0 0 0 0 0 0
H23 0 0 0.05 0 0 0 0 0 0 0 0 0 0 0 0.9 0

P3 P8 P22 P27 P28 P31 P24 P29 P30 P39 P41 P42 P9 P10 P16 P50 P51 P37
H1 0.07 0 0.09 0.07 0 0.09 0.67 0.38 0 0 0 0.93 0 0.22 0.31 0.19 0.25 0.21
H2 0.12 1 0.6 0.7 1 0.45 0.22 0.12 0 0.9 0 0.07 0.86 0.39 0.59 0.52 0.5 0.71
H3 0.05 0 0.06 0 0 0.08 0 0 0 0 0 0 0 0.02 0.08 0.07 0.25 0
H4 0 0 0.06 0.02 0 0 0 0 0 0.08 0 0 0.07 0 0 0.15 0 0.03
H7 0 0 0.19 0.11 0 0.11 0 0.12 0 0.01 0.17 0 0 0.2 0.03 0.04 0 0.04
H12 0.77 0 0 0.07 0 0.21 0.11 0.38 1 0 0.83 0 0 0.09 0 0 0 0.01
H20 0 0 0 0 0 0.06 0 0 0 0 0 0 0.07 0.09 0 0.04 0 0
H23 0 0 0 0.04 0 0 0 0 0 0 0 0 0 0 0 0 0 0

P3 P31 P24 P29 P39 P42 P9 P16 P32 P50 P51 P61
H1 0.67 0.56 1 1 0.03 1 1 0.96 1 0.73 0.93 0
H2 0 0.22 0 0 0.97 0 0 0.04 0 0.09 0.07 0
H4 0.33 0.11 0 0 0 0 0 0 0 0 0 0
H7 0 0.11 0 0 0 0 0 0 0 0.18 0 1

P3 P22 P27 P31 P24 P39 P41 P9 P10 P11 P16 P50 P51
H1 0 0 0 0 0 0 0 0.02 0.13 0 0.34 0.06 0.47
H2 0.12 0.67 0 0.64 0 0.96 0 0.44 0.33 1 0.58 0.39 0.41
H3 0 0 0 0 0 0.04 0 0 0 0 0 0 0
H7 0.88 0.33 1 0.34 1 0 1 0.52 0.44 0 0.08 0.56 0.12
H20 0 0 0 0.02 0 0 0 0.02 0.1 0 0 0 0

P3 P22 P27 P31 P24 P30 P39 P41 P42 P9 P10 P16 P50 P51
H1 0.83 0.33 1 0.29 0.67 0 0.04 0.03 1 0.7 0.55 0.62 0.73 0.12
H2 0.17 0.5 0 0.63 0.23 0 0.8 0 0 0.2 0.1 0.38 0.09 0.88
H4 0 0.17 0 0 0.05 0 0.16 0 0 0 0 0 0 0
H7 0 0 0 0 0.05 0 0 0.09 0 0.1 0.07 0 0.18 0
H12 0 0 0 0.07 0 1 0 0.88 0 0 0.28 0 0 0

P3 P27 P31 P24 P39 P42 P9 P10 P16 P51 P37
H1 0 0 0 0 0 0 1 0.5 0.67 0.14 0
H2 0 0 0 0 0.88 0 0 0.33 0.33 0.29 0.2
H3 0.39 1 0.8 1 0.12 1 0 0 0 0.57 0.8
H7 0.61 0 0.2 0 0 0 0 0.17 0 0 0

P3 P22 P31 P24 P30 P39 P10 P16 P50 P51 P56 P37
H1 0.17 0 0 0 0 0 0.5 0.69 0 0.17 0 0
H2 0 0 0 1 0 0.25 0.12 0.19 0.33 0 0 0.45
H3 0.67 1 0 0 0 0 0 0 0 0.42 0 0
H4 0.17 0 0 0 0 0.75 0 0.06 0 0.42 0 0
H7 0 0 1 0 0 0 0.12 0.06 0.67 0 0 0.18
H12 0 0 0 0 1 0 0.12 0 0 0 0 0
H15 0 0 0 0 0 0 0.12 0 0 0 0 0
H23 0 0 0 0 0 0 0 0 0 0 1 0.27
H25 0 0 0 0 0 0 0 0 0 0 0 0.09

P3 P22 P27 P31 P24 P29 P39 P41 P42 P9 P10 P16 P18 P32 P46 P50 P51 P56 P37
H1 0.43 0.1 0.5 0.14 0.69 0.17 0.05 1 1 0.25 0.08 0.69 0 1 0 0.38 0.41 0 0.29
H2 0.29 0.4 0 0.29 0.18 0.17 0.93 0 0 0.17 0.17 0.15 0 0 1 0.24 0.07 0 0.18
H3 0 0 0 0 0.04 0 0.02 0 0 0.17 0 0.08 0 0 0 0.06 0.17 0 0.12
H4 0 0 0 0.07 0 0 0 0 0 0.08 0.25 0.08 0 0 0 0 0.28 0 0
H7 0.14 0.5 0.5 0.5 0.07 0.17 0 0 0 0.33 0.08 0 0 0 0 0.26 0.07 0 0.41
H12 0.14 0 0 0 0.02 0.5 0 0 0 0 0.42 0 0 0 0 0.06 0 0 0
H23 0 0 0 0 0 0 0 0 0 0 0 0 1 0 0 0 0 1 0

P3 P27 P31 P30 P39 P41 P42 P9 P10 P16 P32 P50 P51 P52 P55 P56
H1 0.15 0.67 0.1 0 0.02 0.08 0.95 0.17 0.33 0.59 1 0.5 0.67 0.5 0 0.17
H2 0.19 0 0.38 0 0.82 0.08 0 0.17 0.11 0.16 0 0 0.28 0.5 0 0
H3 0.33 0 0.12 0 0.13 0 0 0 0 0.19 0 0 0.06 0 0 0
H4 0 0 0 0 0.02 0 0 0 0 0 0 0 0 0 0 0
H7 0.3 0 0.4 0 0.01 0.17 0.03 0.42 0.06 0.03 0 0.5 0 0 0 0
H12 0 0 0 1 0 0.67 0 0 0.06 0.03 0 0 0 0 0 0
H23 0.04 0.33 0 0 0 0 0 0.25 0.44 0 0 0 0 0 1 0.83

P3 P22 P31 P39 P41 P42 P10 P16 P50 P51 P37
H1 0.29 0.44 0.21 0.2 0.2 0.96 0.62 0.75 0.75 0.5 0.57
H2 0 0 0.1 0.8 0 0 0 0.07 0 0.1 0
H3 0.62 0.33 0.43 0 0 0.04 0.24 0.18 0.12 0.3 0.14
H7 0.1 0.22 0.26 0 0.8 0 0.14 0 0.12 0.1 0.29

P22 P27 P31 P24 P39 P42 P9 P16 P50 P37
H1 0 0 0.21 0 0.05 0.5 0.14 0.08 0.13 0.16
H2 0.14 0 0.43 0.88 0.95 0 0.19 0.67 0.24 0.04
H7 0.86 1 0.36 0.12 0 0.5 0.67 0.25 0.63 0.8

P22 P26 P27 P31 P24 P39 P48 P9 P10 P16 P18 P50 P51 P37
H1 0 0 0 0 0 0 0 0 0 0 0 0 0 0.01
H2 0.6 1 1 0.79 1 0.99 1 0.71 0 1 1 0.86 1 0.84
H7 0.2 0 0 0.08 0 0 0 0 0 0 0 0.14 0 0.12
H20 0.2 0 0 0.12 0 0.01 0 0.29 1 0 0 0 0 0.02
H23 0 0 0 0 0 0 0 0 0 0 0 0 0 0.01

P3 P22 P31 P24 P29 P39 P42 P10 P14 P16 P50 P51 P56 P37
H1 1 0.5 0 0.17 0 0 1 0.25 0 0.42 0.33 0 0 0.62
H2 0 0.25 0 0.33 0 0.43 0 0 0 0.53 0.11 0.1 0 0.19
H3 0 0 0 0 0 0 0 0 0 0 0.11 0 0 0
H4 0 0.25 1 0.17 0.67 0.5 0 0.25 0 0.05 0.22 0.6 0 0
H6 0 0 0 0 0 0 0 0 1 0 0 0 0 0
H7 0 0 0 0 0 0 0 0 0 0 0.11 0 0 0
H15 0 0 0 0 0 0 0 0 0 0 0 0.3 0 0
H17 0 0 0 0 0 0.07 0 0 0 0 0 0 1 0
H20 0 0 0 0 0.33 0 0 0.5 0 0 0.11 0 0 0.06
H23 0 0 0 0.33 0 0 0 0 0 0 0 0 0 0.12

P3 P22 P27 P31 P24 P39 P41 P42 P9 P16 P50 P51 P37
H1 0.33 0 0 0.2 0.92 0.03 1 1 0.24 0.44 0.12 1 0.39
H2 0.33 1 0 0.2 0.08 0.97 0 0 0.18 0.25 0.25 0 0.38
H7 0.33 0 1 0.6 0 0 0 0 0.59 0.31 0.62 0 0.23

P3 P22 P26 P27 P31 P24 P30 P39 P41 P42 P48 P9 P10 P16 P17 P18 P32 P50 P54 P37 P38
H1 1 0.1 0 0 0.17 0.82 0 0.02 0 1 1 0.36 0 0.6 0 0 1 0.5 0.17 0.63 0.62
H2 0 0 0 0 0.1 0.15 0 0.98 0 0 0 0.27 1 0.4 0 0 0 0 0 0.14 0
H7 0 0.9 1 1 0.69 0.03 0.5 0 0 0 0 0.27 0 0 1 0 0 0.5 0.67 0.2 0.25
H11 0 0 0 0 0.03 0 0.5 0 1 0 0 0.09 0 0 0 0 0 0 0.17 0.02 0.12
H17 0 0 0 0 0 0 0 0 0 0 0 0 0 0 0 1 0 0 0 0 0

P3 P8 P22 P26 P27 P28 P31 P24 P29 P30 P39 P41 P42 P48 P5 P6 P9 P10 P13 P16 P18 P32 P35 P49 P50 P52 P54 P56 P58 P60 P37 P38
H1 0 0 0.12 0 0.07 0.1 0.01 0.33 0.05 0 0 0 1 0 0 0 0.15 0 0 0.1 0 1 0 0.25 0.04 0.02 0 0 0.05 0 0 0.21
H2 0.01 1 0.62 1 0.79 0.7 0.66 0.67 0.09 0 0.99 0.01 0 0.9 0 0 0.52 0.43 0.11 0.69 0.06 0 0 0 0.13 0 0 0 0.05 0 0.69 0.2
H7 0 0 0.25 0 0 0.2 0.11 0 0.73 0 0 0 0 0.06 1 1 0.15 0.14 0.78 0.1 0 0 0 0 0.65 0.62 0 0.02 0.8 1 0.12 0.39
H11 0 0 0 0 0 0 0 0 0 0.91 0 0.24 0 0 0 0 0.06 0 0 0 0 0 1 0 0.04 0.17 1 0 0 0 0 0.07
H12 0.99 0 0 0 0 0 0.22 0 0.09 0.09 0 0.75 0 0 0 0 0.03 0.43 0.06 0.05 0 0 0 0 0.04 0.19 0 0 0.05 0 0.19 0
H13 0 0 0 0 0 0 0 0 0 0 0 0 0 0 0 0 0 0 0 0.03 0 0 0 0.75 0.04 0 0 0 0 0 0 0.02
H17 0 0 0 0 0 0 0 0 0 0 0 0 0 0.03 0 0 0 0 0 0 0.06 0 0 0 0.04 0 0 0.05 0 0 0 0.05
H18 0 0 0 0 0.14 0 0 0 0 0 0 0 0 0 0 0 0.03 0 0 0.03 0.41 0 0 0 0 0 0 0.59 0 0 0 0.02
H20 0 0 0 0 0 0 0 0 0.05 0 0 0 0 0 0 0 0.06 0 0.06 0 0 0 0 0 0 0 0 0 0.05 0 0 0
H22 0 0 0 0 0 0 0 0 0 0 0 0 0 0 0 0 0 0 0 0 0.47 0 0 0 0 0 0 0.24 0 0 0 0.03
H23 0 0 0 0 0 0 0 0 0 0 0 0 0 0 0 0 0 0 0 0 0 0 0 0 0 0 0 0.1 0 0 0 0.02

P3 P8 P22 P27 P31 P29 P30 P39 P40 P41 P42 P7 P9 P10 P11 P16 P17 P18 P32 P50 P56 P37 P38
H1 0 0 0.05 0.1 0 0 0 0 0.01 0 1 0 0.08 0.17 0 0.14 0 0 0 0.11 0 0 0
H3 0.36 0 0.45 0.1 0.65 0 0 0.17 0.01 0.01 0 0 0.16 0.06 0 0.67 0 0 0 0.22 0 0 0.09
H4 0 0 0 0 0 0 0 0 0 0 0 0 0 0 0 0.1 0 0 0 0 0 0 0
H7 0.27 1 0.45 0.6 0.32 1 0 0.83 0.97 0.02 0 0 0.6 0.28 1 0.05 1 0 0 0.61 0 1 0.91
H12 0.36 0 0.05 0 0.02 0 1 0 0 0.91 0 1 0.03 0.28 0 0 0 0 0 0.02 0 0 0
H18 0 0 0 0 0 0 0 0 0.01 0 0 0 0 0.06 0 0 0 0 1 0 0.5 0 0
H20 0 0 0 0.1 0.01 0 0 0 0 0.06 0 0 0.11 0.17 0 0 0 0 0 0.04 0 0 0
H22 0 0 0 0 0 0 0 0 0.01 0 0 0 0 0 0 0 0 0.5 0 0 0 0 0
H23 0 0 0 0.1 0 0 0 0 0 0 0 0 0.02 0 0 0.05 0 0.5 0 0 0.5 0 0

P3 P22 P27 P28 P31 P24 P29 P39 P41 P42 P9 P10 P32 P50
H1 1 0.18 0.67 1 0.29 0.93 0 0 0.33 1 0.35 0 0.67 0.31
H2 0 0 0 0 0 0.07 0 0.93 0 0 0.24 0.67 0 0.15
H3 0 0.45 0.33 0 0.43 0 0 0.07 0 0 0.12 0 0 0.15
H7 0 0.27 0 0 0.29 0 0 0 0 0 0.12 0.33 0.33 0.38
H20 0 0.09 0 0 0 0 1 0 0.67 0 0.18 0 0 0

P3 P22 P26 P27 P28 P31 P24 P29 P39 P41 P42 P48 P6 P9 P10 P13 P16 P17 P18 P49 P50 P51 P54 P56 P37 P38
H1 0 0 0 0 0 0 0 0 0 0 1 0 0 0 0 0 0 0 0 0 0 0 0 0 0 0
H2 1 0.9 0.91 0.75 1 0.86 0.67 0 0.98 0 0 0.94 0 0.58 0 0.17 0.98 0.29 0.5 1 0.64 1 0 0.33 0.92 0.33
H7 0 0.06 0.03 0.25 0 0.06 0.33 1 0.01 0 0 0 1 0.33 1 0.75 0 0.64 0 0 0.36 0 1 0 0.07 0.67
H12 0 0 0 0 0 0 0 0 0 1 0 0 0 0.02 0 0 0.02 0 0 0 0 0 0 0 0 0
H18 0 0 0.06 0 0 0.01 0 0 0 0 0 0.06 0 0 0 0 0 0 0 0 0 0 0 0.67 0 0
H20 0 0.04 0 0 0 0.06 0 0 0 0 0 0 0 0.08 0 0.08 0 0.07 0 0 0 0 0 0 0.01 0
H23 0 0 0 0 0 0 0 0 0 0 0 0 0 0 0 0 0 0 0.5 0 0 0 0 0 0 0

P3 P8 P22 P27 P28 P31 P24 P29 P30 P34 P39 P40 P41 P1 P6 P9 P10 P16 P17 P18 P32 P46 P50 P55 P56 P37 P38
H1 0 0 0.01 0 0 0 0.35 0 0 0 0 0 0 0 0 0.04 0.38 0.15 0.05 0 0 0 0.01 0 0 0 0
H2 0.5 0.67 0.85 0.4 0.4 0.83 0.65 0.42 0 0 0.98 0 0.5 0 0.25 0.61 0 0.77 0.36 0 1 1 0.62 0 0.06 0.85 0.75
H4 0 0 0 0 0 0 0 0 0 0 0.01 0 0 0 0 0.01 0 0 0 0 0 0 0.03 0 0 0 0
H7 0 0 0.08 0.4 0.2 0.11 0 0.17 0 0 0 1 0.25 0 0.75 0.2 0 0.08 0.41 0 0 0 0.28 0 0 0.15 0.25
H12 0.5 0 0 0 0 0 0 0.33 1 0 0 0 0.25 0 0 0.01 0 0 0 0 0 0 0.03 0 0 0 0
H18 0 0 0 0 0.4 0 0 0 0 1 0 0 0 0 0 0.06 0 0 0.14 0.57 0 0 0 0 0.73 0 0
H20 0 0 0.06 0 0 0.06 0 0.08 0 0 0 0 0 1 0 0.07 0.62 0 0.05 0 0 0 0.03 0 0 0 0
H23 0 0 0 0 0 0 0 0 0 0 0 0 0 0 0 0 0 0 0 0.43 0 0 0 0 0.21 0 0
H26 0 0.33 0 0.2 0 0 0 0 0 0 0 0 0 0 0 0 0 0 0 0 0 0 0 1 0 0 0

P3 P22 P26 P27 P28 P31 P24 P29 P30 P34 P39 P40 P41 P48 P6 P9 P10 P16 P17 P18 P50 P56 P37 P38
H1 0.09 0.06 0 0.12 0 0.06 0 0 0 0 0 0 0 0 0 0.1 0.25 0 0 0 0.18 0 0.04 0
H2 0.04 0.76 1 0.62 0 0.73 1 0 0 0 1 0 0 0.67 0 0.81 0.12 0.94 0.33 0 0.55 0 0.83 0
H7 0.04 0.09 0 0 0 0.12 0 0 0 0 0 1 0 0.33 0.67 0.06 0 0 0.67 0 0.09 0 0.08 0
H12 0.83 0.09 0 0.25 1 0.06 0 1 1 1 0 0 1 0 0.33 0 0.5 0.06 0 1 0.18 0.78 0 1
H18 0 0 0 0 0 0 0 0 0 0 0 0 0 0 0 0.03 0 0 0 0 0 0 0 0
H20 0 0 0 0 0 0 0 0 0 0 0 0 0 0 0 0 0.12 0 0 0 0 0 0 0
H23 0 0 0 0 0 0.03 0 0 0 0 0 0 0 0 0 0 0 0 0 0 0 0.22 0.04 0

P9 P10 P50 P37
H1 0.69 0.19 0.62 0.74
H2 0.08 0.03 0 0.22
H3 0.22 0.05 0.06 0
H12 0.02 0.73 0.31 0.04

P3 P8 P22 P26 P27 P28 P31 P24 P29 P34 P39 P41 P48 P1 P9 P10 P16 P18 P32 P50 P54 P56 P37 P38
H1 0 0 0 0 0 0 0 0 0 0 0 0 0 0 0.14 0.21 0.14 0 0.44 0.12 0 0 0.19 0.22
H2 0.57 1 0.95 1 0.78 0.5 0.97 0.96 0 0 0.98 0 1 0 0.62 0.21 0.86 0.06 0.38 0.77 0 0.11 0.62 0.56
H7 0 0 0 0 0.11 0.25 0.01 0.01 0.29 0 0 0 0 0 0.05 0 0 0 0 0 1 0 0 0.17
H12 0.29 0 0.02 0 0 0 0.02 0 0.71 0 0.01 1 0 0 0.05 0.43 0 0 0 0.04 0 0 0 0
H17 0.14 0 0.01 0 0 0 0 0 0 0 0 0 0 0 0 0.07 0 0.44 0.06 0.04 0 0.26 0.16 0
H18 0 0 0.01 0 0.11 0 0 0 0 1 0 0 0 0 0 0.07 0 0.5 0.12 0.04 0 0.58 0.03 0.06
H20 0 0 0 0 0 0 0 0.03 0 0 0 0 0 1 0.14 0 0 0 0 0 0 0 0 0
H23 0 0 0 0 0 0.25 0 0 0 0 0 0 0 0 0 0 0 0 0 0 0 0.05 0 0
H25 0 0 0 0 0 0 0.01 0 0 0 0.01 0 0 0 0 0 0 0 0 0 0 0 0 0

P3 P22 P26 P27 P28 P31 P24 P29 P34 P39 P40 P41 P48 P1 P9 P10 P16 P18 P32 P35 P49 P50 P51 P54 P55 P56 P61 P37 P38
H1 0 0 0 0 0 0 0 0 0 0 0 0 0 0 0.12 0.12 0.04 0 0.43 0.6 0 0.29 1 0 0 0 0 0.35 0.17
H2 0.79 0.84 1 0.38 1 0.78 0.98 0 0 0.95 1 0 1 0 0.12 0.25 0.92 0 0.43 0.2 0 0.29 0 0.33 0 0 0 0.46 0.47
H7 0.07 0 0 0 0 0.02 0 0 0 0 0 1 0 0 0.06 0.12 0 0 0 0 0 0.43 0 0.67 0 0 0 0.05 0.28
H10 0 0.11 0 0 0 0 0 0 0 0 0 0 0 0 0 0 0 0 0 0 1 0 0 0 0 0 0 0 0
H12 0 0 0 0 0 0 0 0 0 0 0 0 0 0 0 0 0 0 0 0 0 0 0 0 0 0 0.14 0 0
H17 0.07 0 0 0 0 0.02 0 0 0 0.05 0 0 0 0 0 0.12 0 0.33 0 0 0 0 0 0 0 0.16 0 0.05 0.03
H18 0.07 0.03 0 0.25 0 0.04 0 0 1 0 0 0 0 0 0 0.12 0.04 0.62 0 0.2 0 0 0 0 1 0.79 0 0.08 0.05
H20 0 0.03 0 0.38 0 0.14 0 0 0 0 0 0 0 1 0.69 0.25 0 0 0.14 0 0 0 0 0 0 0 0.86 0 0
H23 0 0 0 0 0 0 0.02 1 0 0 0 0 0 0 0 0 0 0.04 0 0 0 0 0 0 0 0.05 0 0 0

P22 P26 P28 P31 P24 P39 P41 P48 P9 P10 P16 P35 P52 P58 P37 P38
H1 0 0 0 0 0 0 0 0 0.27 0 0.22 0 0 0 0 0
H2 1 1 0 0.97 1 1 0 1 0.36 1 0.78 1 0 0 0 1
H7 0 0 1 0.03 0 0 1 0 0.36 0 0 0 1 1 1 0

P8 P22 P26 P27 P31 P24 P29 P39 P42 P43 P48 P9 P10 P16 P17 P18 P49 P50 P55 P58 P37 P38
H1 0 0.04 0.28 0.33 0.27 0 0 0.24 1 0 0.02 0.08 0 0.05 0 0 0 0 0 0 0.05 0
H2 1 0.77 0.62 0.33 0.49 1 0.65 0.72 0 0 0.71 0.62 1 0.95 0.17 0 1 0.89 0 1 0.75 0.71
H4 0 0.04 0.1 0 0.1 0 0 0.03 0 0 0.27 0.02 0 0 0 0 0 0 0 0 0.05 0
H7 0 0.13 0 0 0.14 0 0.35 0 0 0 0 0.28 0 0.01 0.83 0 0 0.11 0 0 0.13 0.03
H12 0 0 0 0 0 0 0 0 0 0 0 0 0 0 0 0 0 0 0 0 0 0
H14 0 0 0 0 0 0 0 0 0 1 0 0 0 0 0 0 0 0 0 0 0 0.03
H18 0 0.02 0 0.33 0 0 0 0 0 0 0 0 0 0 0 1 0 0 1 0 0.01 0.23

P3 P8 P21 P22 P26 P27 P31 P24 P29 P39 P42 P48 P9 P10 P16 P50 P56 P37 P38
H1 0 0 0 0 0 0 0.02 0.03 0 0 1 0 0.15 0.18 0.04 0 0 0 0
H2 1 1 1 1 1 1 0.98 0.97 1 0.99 0 0.94 0.85 0.73 0.96 1 0 1 1
H4 0 0 0 0 0 0 0 0 0 0.01 0 0 0 0 0 0 0 0 0
H7 0 0 0 0 0 0 0 0 0 0 0 0 0 0 0 0 0 0 0
H17 0 0 0 0 0 0 0 0 0 0 0 0.06 0 0.09 0 0 1 0 0
