1 0.5 0.666666666666667 1 1 0.666666666666667 0.5 0.5 1 1 1 1 0.666666666666667 1 0 0.25 0 0 0.25 0.25 0 0 0 0 0 0 0.5 0 0.2 0 0.166666666666667 0 0 0 0
0 1 0 0 0 0 0 1 0 0 0.333333333333333 0 0 0 1 0.5 0 0 0 0.5 0 0 0 0 0.25 0 0 0 0 0 0 0 0 0 0
0.666666666666667 0.909090909090909 0.6 0 0 0.6 0 0 0 0 0 1 0 0.5 0 0.5 0.833333333333333 1 0.75 0.875 1 1 0.5 1 0.5 0.857142857142857 0.5 0 0.5 0 0.375 0 0.4 0.5 0.5
0 1 0.6 0 0 0.25 0 0 0 0 0.25 0.125 0 0 0 0.25 0.333333333333333 0 0 0.5 0 0 0 0 0.666666666666667 0.333333333333333 0 0.142857142857143 0.428571428571429 0 0.333333333333333 0 0.5 0 0
0 0.5 0 0 0 0.333333333333333 0 0 0 0 0 0 0.833333333333333 0 0 0 0 0 0 0.2 0 0 0 0 0 0 0 0.333333333333333 0.666666666666667 0 0.166666666666667 0 0 0 0
0.333333333333333 0.333333333333333 0.666666666666667 0 0 0.625 0 0 0 0 0.333333333333333 0 0.5 0 0 0.333333333333333 0 0 0.25 0.375 0 0 0 0 0.25 0.5 0 0.333333333333333 0.25 0 0.375 0 0 0 0
0.333333333333333 0.875 0 0 0 0.571428571428571 0 0 0 0 0 0.222222222222222 0.111111111111111 0 0 0.166666666666667 0 0 0.5 0.125 0 0 0 0 0 0.166666666666667 0 0.777777777777778 0.285714285714286 1 0.142857142857143 0 0 0 0
0 1 0 0 0 0 0 0 0 0 0 0 1 0 0 0 0 0 0 0 0 0 0 0 0 0 0 0 0 0 0 0 0 0 0
0 1 0 0 0 0 0 0 0 0 0 0 0 0 0 0 0 0 0 0 0 0 0 0 0 0 0 0 0 0 0 0 0 0 0
0 1 0 0 0 0.25 0 0 0 0 0 0 0 0 0 0.25 0.166666666666667 0 0 0.5 0 0 0 0 0.333333333333333 0.333333333333333 0 0 0 0 0.166666666666667 1 0.666666666666667 0 0
0 0.875 0 0 0 0 0 0 0 0 0 0 0 0 0 0 0 0 0 0.5 1 0 0 0 0.166666666666667 0.666666666666667 0 0 0.25 0 0 0 0.333333333333333 0.5 0
0 0.666666666666667 0 0 0 0.333333333333333 0.5 0 0 0 0 0.333333333333333 0.333333333333333 0 0 0.2 0 0 0.5 0.2 0 0 0 0 0 0 0 0 0 0 0.2 0 0 0 0.5
