0 0 0 0 0 0 0 0 0 0 0 0 0 0 0 0 0 0 0 0 0 0 0 0 0 0 0 0 0 0 0 0 0 0 0 0 0 0 0 0 0 0 0 0 0 0
0.166666666666667 0 0 0.181818181818182 0 0.4 0 0 0.222222222222222 0 0 0 0 0 0 0 0 0.5 0 0.5 0.5 1 0 0 0 0 0 0 0 0 0 0 0 0 1 0 0 0 0 1 0 0 0 0 0 0
0.5 0 0 0 0 0.454545454545455 0 0 0.2 0 0 0.333333333333333 1 0.222222222222222 0.285714285714286 1 0.5 0 0 0 0.5 0 0.5 0.5 1 0 0 0 0.5 0 0 0 0 0 0 1 0 0 0 0 0 1 1 0 0 0
0.857142857142857 0 0.166666666666667 0 0 0.461538461538462 0.333333333333333 0.333333333333333 0.416666666666667 0.5 0 0.333333333333333 0.111111111111111 0.454545454545455 0.857142857142857 0 0 1 0.5 1 0 0 1 0 0 1 1 1 1 1 0.5 0 0.5 1 1 0 0 0 0 0 0 0 0 1 1 1
0 0 0 0 0 0 0 0 0 0 0 0 0 0 0.333333333333333 0 0 0.5 0 0 0 0.5 0 0.5 0 0 0 0 0 0 0 0 0 0 0 0 0 0 0 0 0 0 0 0 0 0
0 0 0 0 0 0 0 0 0 0 0 0 0 0 0 0 0 1 0 0 0 0 0 0 0 0 0 0 0 0 0 0 0 0 0 0 0 0 0 0 0 0 0 0 0 0
0 0 0 0 0 0 0 0 0 0 0 0 0 1 0 0 1 0 0 0 0 0 0 0 0 0 0 0 0 0 0 1 0 0 0 0 0 0 1 0 1 0 0 0 0 0
0 0 0.0833333333333333 0 0 0 0 0 0 0 0 0 0 0 0 0 0 0 0 0 0 0 0 0 0 0 0 0 0 0 0 0 0 0 0 0 0 0 0 0 0 0 0 0 0 0
0.166666666666667 0 0 0 0 0 0 0 0 0.5 0 0 0 0.222222222222222 0 0 0 0 0 0 1 0 0 0.5 0 0 0 0 0.5 0 0.5 0.5 0.5 0 0 0 0 0 0 0 0 0 0 0 0 0
0 0 0 0 0 0 0 0 0 0 0 0 0 0 0.5 0 0 0.5 0.5 0 0 0.5 0 0 0 0 0 0 0 0 0 0 0 0 0 1 1 1 1 0 0 0 0 0 0 0
0.333333333333333 0 0 0 0 0 0 0 0 0 0 0 0 0 0.5 0 0 0 0.5 0 0.5 0 0 0 0 0 0 0 0 0 0 0 0 0 1 0 0 0 0 0 0 0 0 0 0 0
