0.5 0.666666666666667 0.666666666666667 1 0.666666666666667 0 0 0.5 0.2 0.166666666666667 0 0.5 0.333333333333333 0 0 0 0 0.5 0 0 0 1 1 1 1 1 1 0 0 0 0 0 0
0.909090909090909 0.6 0.6 1 0 0.833333333333333 0.5 0.5 0.5 0.375 0.4 0 0.625 0 0.25 0.857142857142857 0 0 1 0.333333333333333 0.5 0.666666666666667 0 0.5 1 0 0 1 1 0 0 0 0
1 0.6 0.25 0.125 0 0.333333333333333 0.666666666666667 0 0.428571428571429 0.333333333333333 0.5 0 0.25 0.25 0.25 0 0.333333333333333 0 0 0.5 0.5 1 0 0 0 0 0 0 0 0 0 0 0
0.333333333333333 0.666666666666667 0.625 0 0.5 0 0.25 0 0.25 0.375 0 0.25 0.142857142857143 0 0 0.285714285714286 0.333333333333333 0.666666666666667 0 0 0 0 0 0.5 0.5 0 0 0 0 1 0 0 0
1 0 0.25 0 0 0.166666666666667 0.333333333333333 0 0 0.166666666666667 0.666666666666667 0 0.5 0.5 0.5 0.666666666666667 0.666666666666667 0 0 0 0.5 0 0 0 0 0 0 0 0 0 1 1 0
0.875 0 0 0 0 0 0.166666666666667 0 0.25 0 0.333333333333333 0 0 0.333333333333333 0.5 0.5 1 0 0 0.5 0 0 0 0 0 0 0 0 0 0 0 0 1
0.25 0 0.25 0 0.75 0 0 0 0 0 0 0 0 0 0 0 0 0 0 0 0 0 0 0 0 0 0 0 0 0 0 0 0
1 0 0.5 0 0 0 0 0 0 0.5 0 0 0 0 0 0 0 0 0 0 0 0 0 0 0 0 0 0 0 0 0 0 0
0.75 0 0.5 0 0 0 0 0.5 0.666666666666667 0.75 0 0 0 0 0 0 0 0 0 0 0 1 0 0 0 0 0 0 0 0 0 0 0
0.333333333333333 0 0.666666666666667 0 1 0 0 0 0.333333333333333 0.5 0 1 0 0 0 1 0 0 0 0 0 0 0 0.5 1 0 0 0 0 0 0 0 0
