0 0 0 0 0 0 0 0.875 0.333333333333333 0.166666666666667 0 0.25 0 0 0 0 0 0 0 0 0.333333333333333 0.5 0.5 1 0 0 0.5 0 0 0 0 0 0 0 0 1 0 0 0 0
0 0 0 0.125 0 0.166666666666667 0.25 1 0.666666666666667 0.285714285714286 0 0 0 0 0.166666666666667 0 0 0 0.5 0 0.5 0.666666666666667 0.5 0.666666666666667 0 0 0 0.5 0 0 0 0 0 0 0 0 1 1 0 0
0.333333333333333 0 0 0.375 0 0 0.454545454545455 0.333333333333333 0 0.2 0.5 0.2 0 0 0 0 0.166666666666667 0 0.142857142857143 0.25 0 0.285714285714286 0 0.333333333333333 0.666666666666667 0 0 0 0 0.5 0.5 0 0 0 0 0 0 0 1 0
0.375 0 0.25 0.2 0 0 0.2 0.8 0.375 0.571428571428571 0 0.333333333333333 0.1 0 0.333333333333333 0.2 0 0.333333333333333 0.166666666666667 0 0.25 0 0.25 0.333333333333333 0 0 0.5 0.5 1 0 0 0 0 0 0 0 0 0 0 0
0.375 0.125 0.166666666666667 0.3 0 0 0.461538461538462 0.909090909090909 0.333333333333333 0.428571428571429 0 0.416666666666667 1 0.5 0.714285714285714 0.2 0 0 0.625 0 0 0.857142857142857 0.25 0 0 1 0.333333333333333 0.5 0.666666666666667 1 0.5 0 1 0 0 0 0 0 0 1
0.5 0 0 0.166666666666667 0 0 0.666666666666667 0.5 0 0 0.666666666666667 0.2 1 0.5 0 0 0 0 0.333333333333333 0.5 0 0 0 0 0.5 0 0 0 1 1 1 1 0 1 1 0 0 0 0 0
0 0 0 0.1 0 0 0 0.0909090909090909 0 0 0.333333333333333 0 0.166666666666667 0 0 0 0 0 0 0 0 0 0 0 0 0 0 0 0 0 0 0 0 0 0 0 0 0 0 0
0 0 0.111111111111111 0 0 0 0 0.272727272727273 0 0 0 0 0 0 0 0 0 0 0 0 0 0 0 0 0 0 0 0 0 0 0 0 0 0 0 0 0 0 0 0
0 0 0.0833333333333333 0 0 0 0 0 0 0 0 0 0 0 0 0 0 0 0 0 0 0 0 0 0 0 0 0 0 0 0 0 0 0 0 0 0 0 0 0
0 0 0 0.142857142857143 0.142857142857143 0 0.142857142857143 0.285714285714286 0 0 0 0 0 0 0 0 0 0 0 0 0 0 0 0 0 0 0 0 0 0 0 0 0 0 0 0 0 0 0 0
0 0 0 0 0 0 0 0 0 0 0 0 0 0 0 0 0 0 0 0 0 0 0 0 0 0 0 0 0 0 0 0 0 0 0 0 0 0 0 0
0 0 0.2 0 0 0 0 0 0 0 0 0 0 0 0 0 0 0 0 0 0 0 0 0 0 0 0 0 0 0.5 0 0 0 0 0 0 0 0 0 0
0 0 0 0 0 0 0.2 0.2 0 0 0.6 0 0 0 0 0 0 0 0 0 0 0 0 0 0 0 0 0 0 0 0 0 0 0 0 0 0 0 0 0
0 0 0 0.428571428571429 0 0 0.285714285714286 0.428571428571429 0 0 0 0.333333333333333 0 0.5 0 0 0 0 0 0 0 0 0 0 0 0 0 0 1 0 0 0 0 0 0 0 0 0 0 0
0 0 0 0.166666666666667 0 0 0.333333333333333 0.166666666666667 0 0 0.5 0.166666666666667 0 0 0 0 0 0 0 1 0 1 0 0 0 0 0 0 0 1 0.5 0 0 0 0 0 0 0 0 0
