0.166666666666667 0 0.166666666666667 0.333333333333333 0.666666666666667 0 0.333333333333333 0 0.333333333333333 0.2 0 0.5 0 0 0 0 0 0 1 0 0 0 0 0 0 0.333333333333333 0 0 0 0 0 1 0 0 0 0 0 0
0.125 0 0.333333333333333 0.25 1 0.666666666666667 0 0 0 0.25 0 0 0 0 0 0.333333333333333 0.6 0.5 0 0 0 0.5 0 0 0 0 0.5 0.666666666666667 0 0 0 0 1 0.666666666666667 0 0 0 0
0.142857142857143 0.181818181818182 0.125 0.4 0.875 0 0.111111111111111 0.777777777777778 0.222222222222222 0.166666666666667 0 0.5 0.8 0 0 0 0 0 0 0 0 0 0 0 0 0 0 0 0 0 0 0 0 0 0 0 0 0
0.375 0 0.375 0.454545454545455 0.333333333333333 0 0.5 0.333333333333333 0 0.333333333333333 0 0.25 0 1 0 0 0.222222222222222 0.142857142857143 0.25 0.333333333333333 0.666666666666667 0 0 0 0 0.666666666666667 0 0 0 0 0.5 0 0 0.333333333333333 0 0 0.5 0.5
0.2 0 0.25 0.2 0.8 0.375 0 0.111111111111111 0.1 0.166666666666667 0 0 0 0 0 0 0.428571428571429 0.166666666666667 0 0.75 0 1 1 0 0 0 0.25 0 0.5 1 0 0 0 0.333333333333333 0 0 0 0
0.3 0 0.7 0.461538461538462 0.909090909090909 0.333333333333333 0 0 1 0.5 1 0.75 0 0.111111111111111 1 0 0.454545454545455 0.625 0 0 0.333333333333333 0 0 0.666666666666667 0.5 0.333333333333333 0.25 0.571428571428571 0 0 0.333333333333333 0.5 0.5 0 0 0 0 0
0.166666666666667 0 0.25 0.666666666666667 0.5 0 0.666666666666667 0 1 0.25 0 0.25 0 0 0 0.666666666666667 0.333333333333333 0.333333333333333 0.5 0 0 0 0 0 1 0.5 0 0 0 0 0 1 0 0 0 0 0 0
0.1 0 0 0 0.0909090909090909 0 0.333333333333333 0 0.166666666666667 0.166666666666667 0 0.25 0 0 0 0 0 0 0 0 0 0 0 0 0 0 0 0 0 0 0 0 0 0 0 0 0.5 0
0 0 0 0 0.272727272727273 0 0 0 0 0.166666666666667 0 0.5 0 0 0 0 0 0 0 0 0 0 0 0 0 0 0 0 0 0 0 0 0 0 0 0 0 0
0.142857142857143 0.142857142857143 0 0.142857142857143 0.285714285714286 0 0 0 0 0 0 0.333333333333333 0.2 0 0 0 0 0 0 0 0 0 0 0 0 0 0 0 0 0 0 0 0 0 1 1 0 0
0.428571428571429 0 0 0.285714285714286 0.428571428571429 0 0 0 0 0 0 0.333333333333333 0 0 0 0 0 0 0 0 0.333333333333333 0 0 0 0.25 0 0 0 0 0 0 0 0 0 0 0 0 0
0 0 0 0.25 0.25 0.333333333333333 0 0 0.5 0 0 0.333333333333333 0 0 0 0 0 0 0 0 0 0 0 0 0 0 0 0 0 0 0 0 0 0 0 0 0 0
0 0 0 0 0.5 0 0 0 0 0 0 0 0 0 0 0 0 0 0 0 0 0 0 0 0 0 0 0 0 0 0 0 0 0 0 0 0 0
0 0 0 0 0.333333333333333 0 0 0.333333333333333 0 0 0 0.333333333333333 0 0 0 0 0 0 0 0 0 0 0 0 0 0 0 0 0 0 0 0 0 0 0 0 0 0
