0 0 0 0 0 0 0 0 0 0 0 0 0 0 0 0 0 0 0 0 0 0 0 0 0 0 0 0 0 0 0 0 0 0 0 0 0 0 0 0 0 0 0 0
0.166666666666667 0 0 0.181818181818182 0.125 0 0.4 0 0.111111111111111 0.777777777777778 0.222222222222222 0.333333333333333 0 0 0 0 0.333333333333333 0 0 0 0.5 1 0.5 0.5 0 0 0 0 0 0 0 0 0 0 0 0 0 0 0 0 0 0 0 0
0.5 0 0 0 0.375 0 0.454545454545455 0 0.5 0.333333333333333 0 0.333333333333333 1 0 0.222222222222222 0.142857142857143 0 0.285714285714286 0 0.5 0.5 1 0.5 0.5 0 1 0.5 1 1 1 0.5 1 1 1 0 0 0 0 0 0 0 0 0 0.5
0.857142857142857 0 0.166666666666667 0 0.7 0 0.461538461538462 0.333333333333333 0 0 1 0.666666666666667 0.111111111111111 0.25 0.454545454545455 0.625 0.333333333333333 0.857142857142857 0.571428571428571 0 0 0 0.5 1 0 0 0.5 0 0 0 0 0 0 0 0 0 0.5 1 1 1 0.5 1 1 1
0 0 0 0 0.1 0 0 0 0 0 0 0 0 0 0 0 0 0 0 0 0 0 0 0 0 0 0 0 0 0 0 0 0 0 0 0 0 0 0 0 0 0 0 0
0 0 0 0 0 0 0 0 0.333333333333333 0 0 0 0 0 0 0 0 0.333333333333333 0 0 0 0 0 0 0 0 0 0 0 0 0 0 0 0 1 1 0 0 0 0 0 0 0 0
0 0 0 0 0 0 0 0 0.333333333333333 0 0.166666666666667 0 0 0 0 0 0 0 0 0.5 0 0 0.5 0 0 0 0.5 0 0 0 0 0 0 0 0 0 0 0 0 0 0 0 0 0
0 0 0.0833333333333333 0 0 0 0 0 0 0 0 0 0 0 0 0 0 0 0 0 0.5 0 0 0 0 0 0 0 0 0 0 0 0 0 0 0 0.5 0 0 0 0 0 0 0
0 0 0 0 0 0 0 0 0 0 0 0 0 0 0 0 0 0 0 0 0 0 0 0 0 0 0 0 0 0 0 0 0 0 0 0 0 0 0 0 0 0 0 0
0 0 0 0 0 0 0 0 0 0 0 0 0 0 0 0 0 0 0 0 1 0 0 1 1 0 0 0 0 0 0 0 0 0 0 0 0 0 0 0 0 0 0 0
